#{"t_start": 1648421329.935341, "env_id": "multicomp/YouShallNotPassHumans-v0"}
r,l,t,r0,r1
-1208.136205,118,2.741724,466.440911,-1208.136205
1671.257672,201,4.567391,-1968.82582,1671.257672
1663.533758,179,6.195224,-1838.297045,1663.533758
1630.967627,187,7.96258,-1909.222631,1630.967627
-1193.438568,76,8.658944,711.073761,-1193.438568
-1150.161243,93,9.55177,662.921213,-1150.161243
1647.314819,203,11.483848,-1946.937935,1647.314819
1637.983587,179,13.123582,-1836.537571,1637.983587
1596.969736,251,15.446937,-2198.760975,1596.969736
-1182.897976,129,16.664066,429.206713,-1182.897976
1638.882414,176,18.320991,-1862.088387,1638.882414
-1291.397256,121,19.447235,476.529697,-1291.397256
1646.134048,185,21.824083,-1916.833481,1646.134048
1628.662477,219,23.943119,-2048.89698,1628.662477
1649.215199,203,25.876244,-1990.838876,1649.215199
1650.495948,185,27.607638,-1864.788669,1650.495948
-1579.066131,112,28.613313,528.266773,-1579.066131
-492.360424,234,30.8599,-95.486362,-492.360424
1681.998296,194,32.710643,-1917.842654,1681.998296
-1177.834279,139,34.003374,360.911583,-1177.834279
-1258.989689,80,34.753991,-332.844936,-1258.989689
-1218.883062,95,35.66303,582.940545,-1218.883062
-1331.22749,82,36.43125,698.387727,-1331.22749
1607.858344,176,38.073659,-1797.877923,1607.858344
1642.849473,176,39.813401,-1794.98219,1642.849473
1655.118939,168,42.017403,-1804.70847,1655.118939
-1329.141362,112,43.128736,486.631683,-1329.141362
1641.751353,209,45.235112,-2003.606803,1641.751353
-1205.469993,109,46.253644,511.556452,-1205.469993
-1139.600879,92,47.106403,595.08369,-1139.600879
1527.577991,182,48.855309,-1867.204285,1527.577991
-1305.762434,129,50.071113,436.814359,-1305.762434
-1339.790279,89,50.954207,654.887597,-1339.790279
-1291.130385,87,51.781768,623.931312,-1291.130385
-1279.835459,83,52.604073,724.332376,-1279.835459
1597.556931,193,54.791484,-1915.52669,1597.556931
-1329.023985,101,55.870478,-411.747574,-1329.023985
-1206.148997,64,56.587638,744.728726,-1206.148997
-1224.344226,80,57.415064,689.701475,-1224.344226
-1155.100425,92,58.421328,637.796766,-1155.100425
-1333.809102,83,59.395557,686.576072,-1333.809102
1494.013358,209,61.710422,-2009.967312,1494.013358
-1249.954467,93,63.095591,613.560721,-1249.954467
1661.43628,170,64.968787,-1766.799733,1661.43628
-1258.406722,84,65.857167,641.617694,-1258.406722
-1260.686919,94,66.786072,612.820952,-1260.686919
-1174.052465,119,67.88867,446.145656,-1174.052465
-1287.447225,168,69.695087,234.130906,-1287.447225
1657.976889,196,71.632456,-1974.146439,1657.976889
-1180.560554,123,72.788406,457.831974,-1180.560554
-1091.970579,81,73.546787,681.504189,-1091.970579
-1312.689912,110,74.526876,500.150523,-1312.689912
-1353.916497,99,75.539198,572.213058,-1353.916497
-1499.717349,168,77.314816,214.354133,-1499.717349
1697.152956,210,79.417692,-1996.907012,1697.152956
-1327.898702,94,80.286098,632.022406,-1327.898702
-1220.810665,103,81.306518,551.214292,-1220.810665
-1060.086377,85,82.071686,642.174718,-1060.086377
1674.370588,188,84.406667,-1885.544103,1674.370588
-1224.077572,75,85.191057,694.106787,-1224.077572
-1374.210207,94,86.080206,606.814369,-1374.210207
-1400.2237,124,87.234741,429.279548,-1400.2237
-1427.606212,119,88.33979,469.42421,-1427.606212
-1350.301449,104,89.374923,578.211321,-1350.301449
-1244.88384,78,90.145822,648.414667,-1244.88384
1652.042334,177,91.858312,-1819.606395,1652.042334
-1221.549797,95,92.78038,582.826711,-1221.549797
1623.419208,198,94.798296,-1951.202598,1623.419208
1651.171956,172,96.483175,-1811.12304,1651.171956
1365.896182,196,98.317212,-1932.484098,1365.896182
-1173.190344,95,99.26184,571.441305,-1173.190344
1655.169107,182,101.011749,-1868.205807,1655.169107
1659.153889,169,102.572745,-1808.480238,1659.153889
-1179.42166,108,104.006574,514.131537,-1179.42166
-1365.704981,141,105.415858,351.806533,-1365.704981
1626.943993,188,107.153721,-1889.949025,1626.943993
1639.335822,205,109.035283,-1960.776277,1639.335822
-1258.340108,95,109.911934,566.254765,-1258.340108
1408.885404,206,111.936867,-1998.576701,1408.885404
-1221.612363,78,112.715543,675.019435,-1221.612363
-1239.139176,84,113.484771,661.03449,-1239.139176
-1164.327404,131,114.676259,376.425955,-1164.327404
-1202.188862,70,115.310585,745.262602,-1202.188862
-1263.575963,96,116.204063,609.239521,-1263.575963
-1252.20246,76,116.885661,731.726284,-1252.20246
1654.517773,186,118.627662,-1858.001633,1654.517773
-1265.335455,83,119.422575,657.854303,-1265.335455
-1437.97923,126,120.554845,457.733107,-1437.97923
1600.336631,160,122.067844,-1766.997213,1600.336631
-1385.832084,143,123.818899,-606.28643,-1385.832084
-1194.804315,132,125.076614,419.543896,-1194.804315
-1187.064746,82,125.856583,679.060789,-1187.064746
-1314.895833,100,126.784141,584.697669,-1314.895833
-1262.415594,138,128.066927,359.686103,-1262.415594
1620.875844,188,129.847112,-1895.905781,1620.875844
-1271.750543,115,130.947811,511.142089,-1271.750543
1551.948178,191,132.779003,-1889.808947,1551.948178
1639.786319,232,134.98207,-2149.345351,1639.786319
1656.822282,194,136.8157,-1919.326641,1656.822282
1610.006377,175,138.419447,-1837.112525,1610.006377
1646.569513,222,140.40746,-2063.89957,1646.569513
-1268.166646,99,141.304855,570.018555,-1268.166646
1493.167301,221,143.737302,-2084.534006,1493.167301
1658.97269,181,145.445016,-1841.983186,1658.97269
-1196.871893,76,146.151336,729.420877,-1196.871893
-1163.172557,104,147.074154,536.779995,-1163.172557
-1285.724548,112,148.094487,-514.473845,-1285.724548
-1277.954211,86,148.905496,676.466681,-1277.954211
-1174.342844,107,149.874974,517.172123,-1174.342844
-1437.620034,93,150.807082,622.891132,-1437.620034
1392.441033,211,152.851301,-2036.0346,1392.441033
-1346.765034,145,154.222685,314.753958,-1346.765034
-1159.406087,98,155.131626,569.42367,-1159.406087
1512.73698,189,156.840966,-1903.562259,1512.73698
1621.222563,201,158.728181,-1949.815077,1621.222563
1645.861987,154,160.195569,-1697.550659,1645.861987
-808.202667,181,161.849991,161.027561,-808.202667
1625.930205,198,164.1213,-1940.773033,1625.930205
-1457.274137,122,165.223491,487.096669,-1457.274137
1648.489958,193,167.014735,-1942.620553,1648.489958
-909.486645,148,168.392924,-659.201907,-909.486645
-1174.987718,104,169.346314,-494.773769,-1174.987718
-1190.194825,73,170.005161,698.821362,-1190.194825
1478.281582,240,172.160171,-2160.4905,1478.281582
-1269.458914,79,172.86146,669.804372,-1269.458914
1645.654614,227,175.012854,-2104.722141,1645.654614
-1255.822144,93,175.907905,613.481502,-1255.822144
-1402.267693,130,177.132869,416.340197,-1402.267693
1658.1103,198,179.013854,-1963.133515,1658.1103
-1329.496703,117,180.140254,498.4726,-1329.496703
-1567.395973,118,181.561456,454.229321,-1567.395973
-1202.250713,115,183.17985,511.056843,-1202.250713
1606.819223,227,185.577141,-2111.466011,1606.819223
1631.612789,195,187.483771,-1917.058259,1631.612789
-1289.147153,71,188.182006,752.776808,-1289.147153
-1411.947943,120,189.279133,-559.27762,-1411.947943
-1108.9464,113,190.370345,-493.739532,-1108.9464
1146.74896,191,192.250918,-1923.697846,1146.74896
-1151.535226,112,193.450931,487.459646,-1151.535226
-1172.746972,98,194.35699,620.104483,-1172.746972
-1317.58205,105,195.345246,541.501928,-1317.58205
-1316.460454,78,196.069807,672.965791,-1316.460454
-1266.412602,77,196.768213,722.446891,-1266.412602
-1220.390284,103,197.687461,540.040973,-1220.390284
-1337.554179,109,198.667881,497.548549,-1337.554179
-1210.124791,82,199.4296,661.708736,-1210.124791
-1458.915815,105,200.39167,551.136936,-1458.915815
-1362.869012,111,201.45516,491.70722,-1362.869012
-1492.561044,113,202.934339,504.329526,-1492.561044
1634.399336,201,204.853397,-1957.441939,1634.399336
1621.686208,191,206.593325,-1935.652595,1621.686208
1643.480009,186,208.399446,-1901.794803,1643.480009
-1382.426999,122,209.622475,451.467716,-1382.426999
1623.969833,186,211.509116,-1905.117631,1623.969833
-991.730449,202,213.442749,19.126237,-991.730449
-1137.591707,93,214.307276,625.138505,-1137.591707
1630.011517,189,216.046033,-1940.851744,1630.011517
1625.840097,186,217.751309,-1893.834326,1625.840097
1653.067516,215,219.726644,-2042.295996,1653.067516
-1220.944578,82,220.477502,650.082467,-1220.944578
-1163.861367,67,221.108286,757.040702,-1163.861367
-1268.48848,89,221.90536,661.350852,-1268.48848
-1367.704791,107,223.255128,522.822813,-1367.704791
-1293.607755,164,224.754726,279.067008,-1293.607755
1661.812058,198,226.527697,-1921.329585,1661.812058
-1211.527455,111,227.53415,502.967296,-1211.527455
-1221.293678,83,228.280824,659.901815,-1221.293678
1643.416713,196,230.033216,-1913.503505,1643.416713
1659.11994,201,231.851023,-1953.285077,1659.11994
1630.612888,183,233.546866,-1838.187808,1630.612888
-1181.549642,67,234.176242,-241.238894,-1181.549642
-1281.717766,109,235.166281,551.137067,-1281.717766
-1250.336868,115,236.188562,517.496481,-1250.336868
-1219.40786,104,237.154487,550.778707,-1219.40786
-1272.660229,84,237.922577,639.682074,-1272.660229
1648.222552,172,239.55857,-1801.03303,1648.222552
-1551.290309,129,240.755105,401.198824,-1551.290309
-1252.361962,94,241.995157,623.900454,-1252.361962
1635.65953,152,243.395303,-1679.538757,1635.65953
1627.114558,185,245.040757,-1882.077103,1627.114558
-1169.643079,92,245.853595,-382.893364,-1169.643079
1641.625586,171,247.360816,-1831.491523,1641.625586
-1458.563837,102,248.257242,550.734912,-1458.563837
-1295.518631,84,248.988169,-317.784082,-1295.518631
1637.463008,178,250.665376,-1869.406883,1637.463008
-1364.031669,97,251.581667,609.818169,-1364.031669
-1265.575044,74,252.314008,675.756285,-1265.575044
1658.875624,185,254.023395,-1898.227859,1658.875624
-1320.053696,84,254.766757,697.674591,-1320.053696
-1150.104055,85,255.539095,678.981627,-1150.104055
-1453.637941,98,256.420243,597.13597,-1453.637941
-1356.503749,103,257.352386,544.562633,-1356.503749
1634.551309,178,259.045787,-1840.038306,1634.551309
1667.969427,205,261.600168,-1974.875396,1667.969427
-1284.317579,90,262.589743,631.152592,-1284.317579
1623.948959,202,264.531243,-1957.168368,1623.948959
-1243.746011,88,265.341957,637.590928,-1243.746011
1641.887881,181,267.005253,-1847.373187,1641.887881
1697.279416,199,268.787844,-1955.528103,1697.279416
-1280.512842,82,269.525929,645.904321,-1280.512842
1602.448568,171,271.11309,-1780.550918,1602.448568
-1318.968038,116,272.23946,501.737292,-1318.968038
-1392.609931,131,273.50143,393.076441,-1392.609931
-1399.073743,104,274.475191,532.847123,-1399.073743
1531.442869,200,276.371071,-1977.789689,1531.442869
-1438.102251,151,277.736828,-739.500998,-1438.102251
-1082.123838,186,279.480715,-887.488691,-1082.123838
-1235.488973,92,280.711906,605.450537,-1235.488973
-1154.788522,210,282.659935,-27.323646,-1154.788522
1691.136097,206,284.510741,-1967.6295,1691.136097
1750.797292,240,286.740311,-2170.170511,1750.797292
1614.279441,220,288.778759,-2048.846896,1614.279441
-1680.404432,120,289.974499,421.712686,-1680.404432
-1189.666092,76,290.692936,691.985844,-1189.666092
-1274.403669,75,291.404368,681.776884,-1274.403669
-1446.132548,165,293.002153,233.587846,-1446.132548
-1295.797726,99,293.923079,606.869862,-1295.797726
1615.844401,196,295.752172,-1916.525273,1615.844401
-1373.1114,110,296.739523,550.605749,-1373.1114
-1168.24583,96,297.638555,553.397687,-1168.24583
-1088.153054,150,299.007694,285.320603,-1088.153054
-1407.068159,97,300.285526,589.553041,-1407.068159
-1335.826166,107,301.238901,563.747423,-1335.826166
-1190.131974,67,301.84879,776.802833,-1190.131974
-1166.402458,100,302.742207,608.297563,-1166.402458
-981.595879,123,303.915376,464.960514,-981.595879
-1170.051439,68,304.561259,742.964176,-1170.051439
1622.562315,192,306.355554,-1941.594412,1622.562315
1618.441144,180,308.022674,-1846.087896,1618.441144
1241.449026,204,309.885922,-2001.815431,1241.449026
1640.490181,189,311.562913,-1895.809129,1640.490181
-1232.374627,94,312.449454,-385.498576,-1232.374627
1517.033716,197,314.239493,-1971.530377,1517.033716
-1452.95235,142,315.520821,377.612779,-1452.95235
-1308.181232,94,316.362248,622.921546,-1308.181232
1315.770289,219,318.403621,-2064.818292,1315.770289
-840.316058,185,320.473343,137.718854,-840.316058
-1217.454329,77,321.191173,684.521142,-1217.454329
1650.814893,172,322.757421,-1807.765072,1650.814893
-1174.119311,86,323.548401,-352.976624,-1174.119311
-1341.676707,91,324.390557,609.267004,-1341.676707
-1296.018138,83,325.142989,-322.427257,-1296.018138
-1171.115904,142,326.392775,354.24794,-1171.115904
-1278.188146,94,327.295557,622.033211,-1278.188146
-1249.462841,92,328.10568,-361.812698,-1249.462841
1663.913413,194,329.937437,-1900.673451,1663.913413
-1207.925509,82,330.697332,687.380914,-1207.925509
-1181.053047,99,331.635206,590.736926,-1181.053047
1597.890302,205,333.479562,-2027.198261,1597.890302
-1233.36095,88,334.249085,639.759418,-1233.36095
-1315.482903,126,335.410994,413.502156,-1315.482903
1663.641883,202,337.308218,-1970.520938,1663.641883
-751.822967,182,339.371714,116.218218,-751.822967
-1268.571142,163,340.904682,212.385958,-1268.571142
-1397.052525,128,342.062731,457.95494,-1397.052525
1603.402247,188,343.795057,-1914.659345,1603.402247
-1199.86944,97,344.655662,580.314156,-1199.86944
-1428.535539,108,345.657661,564.393399,-1428.535539
-1235.626744,76,346.346443,701.655427,-1235.626744
1625.815495,200,348.151498,-1970.274664,1625.815495
1625.919356,197,349.969066,-1922.163036,1625.919356
1644.570842,192,351.805564,-1919.875871,1644.570842
1649.907547,194,353.597136,-1924.766087,1649.907547
-1358.071802,99,354.532908,577.88598,-1358.071802
1618.209789,197,356.259679,-1919.562852,1618.209789
-1222.55471,81,357.041731,691.686329,-1222.55471
-1167.704891,104,358.414792,561.075489,-1167.704891
-1192.651953,82,359.190671,681.90467,-1192.651953
-1250.407023,84,360.005608,641.08468,-1250.407023
-1182.342104,83,360.794271,634.448658,-1182.342104
-1264.127087,89,361.641455,640.987001,-1264.127087
1628.932139,162,363.079713,-1741.487042,1628.932139
-1296.285692,86,363.883712,677.818176,-1296.285692
1633.517897,206,365.724745,-2007.68308,1633.517897
1640.052883,194,367.538503,-1930.103794,1640.052883
1335.522319,212,369.456682,-2040.565686,1335.522319
1663.493132,198,371.337041,-1918.684505,1663.493132
-1399.174264,127,372.507015,437.768265,-1399.174264
-1127.98953,107,373.472597,-492.179859,-1127.98953
1654.676456,186,375.23341,-1886.645316,1654.676456
-1183.269711,119,376.30127,499.04079,-1183.269711
1413.284394,189,378.448104,-1908.853089,1413.284394
-1233.284987,80,379.164829,708.097839,-1233.284987
1536.056724,214,381.146045,-2055.170086,1536.056724
-1200.10747,77,381.834405,718.899778,-1200.10747
-1227.175982,78,382.545214,679.883041,-1227.175982
1654.693275,181,384.211766,-1868.129106,1654.693275
1655.276692,210,386.132441,-2030.842829,1655.276692
1657.898102,186,387.800998,-1862.57878,1657.898102
-1251.685555,90,388.638675,-356.079132,-1251.685555
1526.310705,235,390.799669,-2122.237382,1526.310705
1659.503188,220,392.793969,-2085.906115,1659.503188
1514.937607,200,394.572358,-1925.64199,1514.937607
-1363.208824,123,396.082989,477.225485,-1363.208824
-1185.891796,104,397.044267,549.662438,-1185.891796
1632.220496,192,398.812218,-1911.057052,1632.220496
-1113.672011,90,399.643163,611.328601,-1113.672011
1600.049021,218,401.715181,-2087.550841,1600.049021
1230.636085,201,403.559826,-1932.280638,1230.636085
-1222.417856,94,404.419696,581.912731,-1222.417856
1644.270948,215,406.470631,-2066.15064,1644.270948
1621.337317,180,408.098941,-1848.263669,1621.337317
-1197.174785,93,408.931879,-398.630054,-1197.174785
-1212.316569,80,409.676689,704.582594,-1212.316569
1600.301076,198,411.545145,-1948.380747,1600.301076
1628.452923,187,413.310202,-1906.068022,1628.452923
-1270.016048,72,413.960095,699.181349,-1270.016048
-1231.706575,107,414.971861,521.750572,-1231.706575
-1229.200444,86,416.158886,638.284554,-1229.200444
1608.667094,191,417.97864,-1918.280201,1608.667094
-1210.141101,105,418.95287,558.427481,-1210.141101
1669.366418,186,420.641604,-1861.009115,1669.366418
-1144.615763,114,421.681045,534.474527,-1144.615763
1742.911819,228,423.776378,-2133.557653,1742.911819
-1263.981582,121,424.921435,449.995073,-1263.981582
-1201.676783,69,425.607077,721.240107,-1201.676783
-1373.304535,149,426.99073,313.836445,-1373.304535
1666.932127,206,428.897362,-2004.086766,1666.932127
1639.104188,198,430.708997,-1928.838108,1639.104188
-1156.512587,81,431.440213,693.245048,-1156.512587
1318.656624,203,433.275296,-1957.164637,1318.656624
-1312.815893,114,434.741136,485.701697,-1312.815893
1620.377048,194,436.550204,-1897.360696,1620.377048
1627.151993,226,438.543466,-2077.010986,1627.151993
-1213.445633,83,439.284713,710.244517,-1213.445633
-1192.464049,110,440.263906,525.481506,-1192.464049
-959.625234,214,442.169037,-57.012413,-959.625234
-1314.836679,142,443.416836,368.851841,-1314.836679
-1049.941543,148,444.736109,305.055846,-1049.941543
1664.107649,218,446.72985,-2106.221072,1664.107649
1621.434134,196,448.536505,-1905.955523,1621.434134
1648.859944,186,450.312704,-1862.435395,1648.859944
-1178.701701,99,451.234103,607.771149,-1178.701701
1611.225239,171,452.839499,-1790.294685,1611.225239
1665.613327,199,455.023998,-1934.154431,1665.613327
1589.121892,170,456.540987,-1767.774294,1589.121892
1463.010093,177,458.189424,-1807.081917,1463.010093
-1182.30917,105,459.173239,545.057024,-1182.30917
-1297.762893,106,460.147285,538.458069,-1297.762893
1646.933474,210,462.1157,-2016.371832,1646.933474
-1328.026504,118,463.193896,493.123222,-1328.026504
-1309.470936,84,463.948078,658.840481,-1309.470936
1635.808096,186,465.669114,-1894.50874,1635.808096
-1357.540015,101,466.607818,585.562264,-1357.540015
-959.741974,134,467.832146,394.184962,-959.741974
1228.02043,190,469.562977,-1923.486042,1228.02043
1605.228826,160,471.024713,-1749.072576,1605.228826
1625.14464,229,473.45834,-2115.461687,1625.14464
1650.450266,181,475.149795,-1837.241507,1650.450266
-1225.175754,100,476.068994,584.192202,-1225.175754
1640.611438,220,478.120407,-2068.061903,1640.611438
-1153.61063,131,479.314733,417.788319,-1153.61063
1661.975071,190,481.041888,-1901.327707,1661.975071
1669.001945,215,483.055329,-2074.791207,1669.001945
-999.776435,167,484.647324,-783.801769,-999.776435
1635.496338,207,486.524719,-1977.707893,1635.496338
1278.764622,246,488.731842,-2236.181842,1278.764622
-1321.929232,110,489.719588,541.706465,-1321.929232
-1178.237399,102,490.67427,546.370456,-1178.237399
1657.751221,180,492.780313,-1870.036409,1657.751221
-1336.753227,90,493.613178,653.389286,-1336.753227
1707.948845,212,495.562252,-2048.820904,1707.948845
1633.415146,220,497.550602,-2063.655825,1633.415146
-1237.085074,65,498.131995,-221.681185,-1237.085074
1641.577771,187,499.865974,-1877.805135,1641.577771
-1177.841051,137,501.091506,362.435146,-1177.841051
1620.154422,205,502.912421,-2014.408342,1620.154422
-1124.329261,152,504.298218,286.211473,-1124.329261
-1144.280478,93,505.143831,-400.347247,-1144.280478
1639.405544,243,507.428017,-2212.618095,1639.405544
-1166.168891,88,508.227201,659.605805,-1166.168891
-1177.426589,81,508.960275,-305.51551,-1177.426589
1636.723013,168,510.506706,-1779.779093,1636.723013
-1031.209529,139,512.16199,381.944048,-1031.209529
-1173.594459,167,513.739402,211.942556,-1173.594459
-1276.686818,159,515.203524,231.628772,-1276.686818
1627.971069,164,516.666747,-1790.428214,1627.971069
1654.60073,184,518.298164,-1899.905953,1654.60073
1421.455614,179,519.90025,-1871.121324,1421.455614
1652.212252,192,521.665852,-1930.203364,1652.212252
1647.369429,201,523.459562,-1969.84772,1647.369429
-1319.741776,130,524.660374,395.384992,-1319.741776
1660.047796,226,526.80639,-2146.341619,1660.047796
-1236.520383,73,527.498475,757.067742,-1236.520383
-1130.510943,98,528.3866,611.939699,-1130.510943
-1081.99706,101,529.370576,576.697072,-1081.99706
1685.23948,205,531.632091,-1953.797421,1685.23948
-1375.194026,98,532.533166,589.275319,-1375.194026
1485.976218,189,534.235534,-1867.909935,1485.976218
1645.527378,195,536.044053,-1938.580253,1645.527378
-1364.592074,150,537.383309,318.362995,-1364.592074
1610.916469,211,539.295537,-2044.549888,1610.916469
-1378.280357,111,540.297149,-454.811566,-1378.280357
-1297.038473,116,541.356269,502.772572,-1297.038473
-1233.530124,94,542.197064,578.660494,-1233.530124
-1508.332932,136,543.440578,-634.076501,-1508.332932
1663.015597,220,545.44775,-2075.554659,1663.015597
1659.565148,186,547.141238,-1869.528478,1659.565148
-1408.390382,132,548.370126,411.940584,-1408.390382
1650.385942,199,550.54907,-1921.474228,1650.385942
1660.485904,195,552.290872,-1924.936029,1660.485904
1667.040009,170,553.933249,-1802.287872,1667.040009
1639.775815,180,555.615246,-1847.534761,1639.775815
1619.975017,217,557.578116,-2022.211044,1619.975017
-1361.169619,93,558.416197,611.078215,-1361.169619
1635.830719,177,560.049533,-1830.900102,1635.830719
-880.736092,144,561.374381,327.182345,-880.736092
-1204.445922,84,562.13982,679.486992,-1204.445922
-1320.543334,145,563.452828,316.847579,-1320.543334
-1214.045909,87,564.237268,668.944761,-1214.045909
-1317.749569,88,565.026922,651.220132,-1317.749569
1678.218819,199,566.845656,-1943.143158,1678.218819
-1192.709871,81,567.583842,654.153135,-1192.709871
-1309.786708,119,569.04169,490.357341,-1309.786708
1665.791544,200,570.880162,-1934.293664,1665.791544
1651.575237,201,572.670498,-1969.208489,1651.575237
-1206.271417,77,573.363477,685.988968,-1206.271417
1608.164975,188,575.115444,-1897.349878,1608.164975
-1306.207467,102,576.056202,534.450982,-1306.207467
1658.615849,173,577.687306,-1813.312628,1658.615849
1572.195804,281,580.253688,-2392.737181,1572.195804
1649.639721,195,582.03588,-1951.789863,1649.639721
1401.211448,220,584.038949,-2076.888775,1401.211448
1626.814518,167,585.597488,-1787.697504,1626.814518
1623.426732,224,588.056085,-2081.991034,1623.426732
-1363.556878,103,588.961794,556.636502,-1363.556878
-1257.060934,137,590.223714,380.962763,-1257.060934
-1257.537154,120,591.329647,464.17504,-1257.537154
-1152.158878,145,592.660994,319.848845,-1152.158878
-1387.033661,129,593.831646,404.831096,-1387.033661
1634.854066,207,595.724723,-1990.934782,1634.854066
1648.069946,196,597.44177,-1924.193109,1648.069946
-1201.212138,93,598.287872,618.585032,-1201.212138
-1262.267697,90,599.1034,624.543978,-1262.267697
1635.617828,187,600.863148,-1878.301511,1635.617828
-1493.246693,140,602.166846,331.900452,-1493.246693
1659.644648,193,603.902165,-1919.060815,1659.644648
-1644.611009,149,605.242095,322.299567,-1644.611009
-1269.583116,94,606.089052,590.766461,-1269.583116
-1107.925865,122,607.54651,489.150799,-1107.925865
1646.942984,197,609.305121,-1968.171194,1646.942984
-1240.891986,81,610.078566,650.765148,-1240.891986
1641.712663,191,611.803066,-1890.705519,1641.712663
-1165.025471,107,612.772903,507.912912,-1165.025471
1670.071171,205,614.631951,-1991.849281,1670.071171
1669.405774,179,616.253079,-1814.099544,1669.405774
1699.425026,217,618.246081,-2047.396306,1699.425026
-1341.262564,96,619.124876,624.613501,-1341.262564
-1685.145118,192,620.861419,87.221259,-1685.145118
-1096.063934,119,621.954268,448.192895,-1096.063934
1660.217612,167,623.477741,-1799.698863,1660.217612
-1149.528785,126,624.645556,451.232705,-1149.528785
1638.267693,177,626.684122,-1856.622457,1638.267693
1641.906841,210,628.568169,-2031.889236,1641.906841
1668.751853,160,630.060969,-1731.313576,1668.751853
1662.586214,191,631.80182,-1920.163605,1662.586214
1544.653,201,633.627875,-1966.406565,1544.653
1670.496902,187,635.336499,-1889.063699,1670.496902
-1174.968873,92,636.210959,629.104108,-1174.968873
1678.344018,200,638.010452,-1984.219237,1678.344018
-1453.953794,97,638.882256,587.813521,-1453.953794
1599.579048,193,640.697069,-1928.784349,1599.579048
1682.881733,174,642.345395,-1805.368669,1682.881733
-1377.12309,118,643.448488,494.569424,-1377.12309
1650.452198,203,645.647316,-1994.944927,1650.452198
1699.315357,202,647.49768,-1946.863477,1699.315357
1608.945616,191,649.272388,-1900.736921,1608.945616
-1225.773402,88,650.323345,665.371177,-1225.773402
1272.269155,171,652.054426,-1780.289381,1272.269155
-1197.583105,150,653.892735,320.200601,-1197.583105
-1224.285094,123,655.358132,436.233323,-1224.285094
1448.496506,242,657.576558,-2180.819524,1448.496506
1602.617714,209,659.52514,-2030.621208,1602.617714
-1170.02865,98,660.461157,572.542731,-1170.02865
1626.664549,179,662.074633,-1847.258236,1626.664549
-1292.817628,79,662.812327,664.625547,-1292.817628
-1188.638121,83,663.580507,627.154819,-1188.638121
-1392.993389,109,664.567243,549.632308,-1392.993389
-1290.55846,125,666.130523,450.788272,-1290.55846
-1041.437991,107,667.097907,558.560708,-1041.437991
1721.598815,226,669.206454,-2087.64769,1721.598815
1623.638786,176,670.775498,-1858.567855,1623.638786
-978.7683,119,671.840542,468.369561,-978.7683
-1148.10956,96,672.686885,586.967576,-1148.10956
-1315.26982,89,673.491224,-368.227028,-1315.26982
-1112.828273,134,674.708331,383.309685,-1112.828273
-1377.588378,95,675.560115,605.598568,-1377.588378
1657.382062,174,677.123151,-1792.440304,1657.382062
1669.524611,188,678.872353,-1897.370544,1669.524611
1322.638396,176,680.506132,-1830.433345,1322.638396
1660.211374,178,682.124234,-1852.868916,1660.211374
-820.052463,114,683.172372,487.640502,-820.052463
-1317.85655,90,683.992314,609.559324,-1317.85655
1640.165944,206,686.21553,-1965.995015,1640.165944
1700.350448,233,688.345349,-2106.576264,1700.350448
-1311.708122,98,689.261452,578.705483,-1311.708122
1658.13994,176,690.869608,-1797.205682,1658.13994
-1257.837395,94,691.705205,619.906604,-1257.837395
1577.452181,201,693.498919,-1991.56942,1577.452181
-1228.359736,162,695.006253,226.927555,-1228.359736
1651.311527,196,696.799617,-1954.141788,1651.311527
1670.410082,194,698.594516,-1912.252283,1670.410082
1582.789433,213,700.596462,-2024.297153,1582.789433
1647.72923,226,702.707535,-2124.997505,1647.72923
1652.117655,188,704.874753,-1910.127242,1652.117655
1654.483554,179,706.536266,-1872.059005,1654.483554
-1265.090855,118,707.647247,451.255853,-1265.090855
1624.136226,184,709.326802,-1870.743109,1624.136226
-1282.14171,134,710.565625,-610.915643,-1282.14171
-1247.995552,78,711.275874,666.718735,-1247.995552
-1184.816653,164,712.839754,-736.708708,-1184.816653
1661.975211,224,714.906476,-2098.605062,1661.975211
-1396.227277,102,715.79455,577.31327,-1396.227277
-1285.984232,92,716.632283,624.104211,-1285.984232
-1303.790411,182,718.312334,154.477863,-1303.790411
1682.597169,202,720.130353,-1964.9245,1682.597169
1626.873454,197,721.934746,-1964.375337,1626.873454
1634.695528,200,724.173835,-1923.826613,1634.695528
1644.191197,219,726.15646,-2077.505835,1644.191197
-1206.300156,123,727.304148,428.644018,-1206.300156
1557.810842,184,728.990376,-1871.885526,1557.810842
1615.843648,167,730.477331,-1757.356961,1615.843648
-1234.637674,102,731.488087,570.549397,-1234.637674
1625.583954,177,733.133693,-1859.49341,1625.583954
-1306.582385,86,733.917175,656.254306,-1306.582385
-1202.74071,140,735.164527,379.677171,-1202.74071
1617.113837,192,736.891401,-1909.724102,1617.113837
1666.320215,181,738.527764,-1894.158941,1666.320215
-1311.700844,139,739.798307,331.83712,-1311.700844
1673.701395,203,741.719883,-2004.640128,1673.701395
1657.113891,203,743.901163,-1957.456143,1657.113891
-1150.318255,116,744.984263,479.162024,-1150.318255
1612.704763,225,747.070866,-2076.864834,1612.704763
-1234.332196,103,748.038748,536.039105,-1234.332196
1624.333324,199,749.873481,-1969.43006,1624.333324
-1213.748775,82,750.787267,687.516724,-1213.748775
1662.069854,183,752.632052,-1874.313947,1662.069854
-1378.990491,123,753.798297,435.877846,-1378.990491
-1053.037914,150,755.158642,280.753067,-1053.037914
-1405.831782,169,756.758464,-836.035907,-1405.831782
1639.574495,196,758.576842,-1976.792078,1639.574495
1621.175015,182,760.321736,-1895.597717,1621.175015
-1331.267957,87,761.160093,664.3623,-1331.267957
1627.811761,190,763.362498,-1893.205653,1627.811761
1631.417679,194,765.115215,-1919.79079,1631.417679
1690.293628,193,766.900095,-1941.06546,1690.293628
-1246.955583,103,767.817507,575.565562,-1246.955583
1646.72182,195,769.615171,-1951.864161,1646.72182
1637.438304,266,772.056239,-2288.486563,1637.438304
-1161.33377,127,773.269471,432.404859,-1161.33377
-1026.466941,112,774.254652,510.864806,-1026.466941
999.430179,182,775.881293,-1836.957751,999.430179
-1045.335108,161,777.373209,251.507669,-1045.335108
1633.899634,176,778.956603,-1799.713502,1633.899634
-1283.028957,106,779.96113,-451.923654,-1283.028957
-1181.446538,124,781.469038,425.466175,-1181.446538
-1301.714365,114,782.49189,-515.140424,-1301.714365
1598.678712,198,784.491681,-1938.338147,1598.678712
-1337.636941,136,785.853251,-604.113403,-1337.636941
1437.278654,183,787.618846,-1846.667048,1437.278654
-1134.071885,183,789.405752,136.415692,-1134.071885
-847.520156,179,791.269976,147.26614,-847.520156
-1266.28753,113,792.413056,504.613286,-1266.28753
-1446.011929,176,794.279715,216.373308,-1446.011929
-1123.541213,126,795.594053,431.523466,-1123.541213
1645.545439,222,797.999018,-2105.753742,1645.545439
1643.633221,196,800.028971,-1968.281678,1643.633221
-943.371146,194,802.245031,87.971133,-943.371146
1659.385515,183,804.014734,-1870.221011,1659.385515
1618.753297,202,805.929598,-1974.868877,1618.753297
1634.419186,181,807.655059,-1840.009889,1634.419186
1675.552442,203,809.589163,-1937.172812,1675.552442
1631.421651,177,811.378983,-1839.539745,1631.421651
-1216.093051,116,812.436867,491.971946,-1216.093051
-1202.337851,102,813.419618,567.7022,-1202.337851
-1161.496761,94,814.299075,610.376723,-1161.496761
-1387.40562,142,815.61013,-677.769048,-1387.40562
1687.774511,228,817.765584,-2098.635628,1687.774511
1619.342657,211,819.777736,-2025.41249,1619.342657
1214.748745,193,821.938567,-1916.11842,1214.748745
1632.295962,176,823.618486,-1866.267473,1632.295962
1447.029015,176,825.366683,-1858.503919,1447.029015
1610.487405,178,827.086301,-1818.727205,1610.487405
1580.851622,235,829.332616,-2117.248156,1580.851622
-1296.815673,89,830.128306,668.734649,-1296.815673
-1343.892039,85,830.945171,658.087399,-1343.892039
-617.23534,217,832.997743,-21.265672,-617.23534
1617.190354,194,834.822685,-1956.807752,1617.190354
1584.733362,170,836.422076,-1816.74787,1584.733362
-1258.148181,88,837.282823,601.755719,-1258.148181
-527.428766,216,839.341161,-1053.34689,-527.428766
-1219.483901,88,840.176696,664.582898,-1219.483901
1641.298083,179,842.286416,-1858.549759,1641.298083
1643.066459,206,844.237751,-1970.927868,1643.066459
-1404.659454,140,845.582127,388.855169,-1404.659454
-1194.244051,137,846.861663,362.584288,-1194.244051
1598.449603,212,848.869773,-2007.095397,1598.449603
-1165.802738,74,849.583488,694.801895,-1165.802738
1578.018705,208,851.522441,-1967.794452,1578.018705
1262.348727,184,853.285161,-1835.448014,1262.348727
-1336.416129,75,854.003581,693.349362,-1336.416129
1635.106987,198,855.907459,-1947.976233,1635.106987
1632.727669,193,857.697583,-1940.771719,1632.727669
1681.808725,188,859.526947,-1897.640464,1681.808725
-1125.393571,113,860.589923,510.801306,-1125.393571
1660.395621,185,862.898855,-1894.08939,1660.395621
1637.941007,206,864.978207,-1979.203456,1637.941007
-1233.459042,80,865.808296,679.605352,-1233.459042
1638.129372,199,868.005673,-1946.965248,1638.129372
1643.570884,172,869.945797,-1781.187798,1643.570884
-1241.474241,81,870.996713,702.764769,-1241.474241
-1335.386146,93,872.102787,628.065105,-1335.386146
-1243.884377,106,873.320313,539.448904,-1243.884377
-1176.308076,86,874.313514,-385.595046,-1176.308076
-1249.660528,110,875.643778,-446.19277,-1249.660528
1515.953216,198,877.974049,-1974.758257,1515.953216
-1280.604455,75,878.894003,-264.850287,-1280.604455
1619.143873,200,881.019188,-1945.346915,1619.143873
-1290.055665,127,882.382148,433.50319,-1290.055665
1609.162395,187,884.420163,-1893.054236,1609.162395
1657.477976,246,887.463147,-2189.016547,1657.477976
-1302.54333,93,888.426186,584.553594,-1302.54333
1625.105923,201,890.353027,-1986.191351,1625.105923
-1213.072539,81,891.217463,671.305482,-1213.072539
1671.04209,203,893.291975,-1961.974271,1671.04209
-1408.701144,113,894.406191,521.26044,-1408.701144
1642.514351,188,896.247977,-1910.030255,1642.514351
-1378.123545,100,897.248505,591.398247,-1378.123545
1614.659686,189,899.087065,-1918.552844,1614.659686
-1361.463492,98,900.016019,624.738002,-1361.463492
-1226.090834,106,901.045195,541.818183,-1226.090834
-644.532245,209,903.138831,5.279028,-644.532245
-1228.592232,99,904.095885,596.741078,-1228.592232
1138.634612,235,906.755476,-2125.468725,1138.634612
1666.833654,192,908.654953,-1895.163344,1666.833654
1647.087804,184,910.511911,-1835.600331,1647.087804
1619.410124,192,912.604655,-1916.63217,1619.410124
-1316.530471,114,913.790635,472.66643,-1316.530471
-1203.318714,128,915.091911,423.485919,-1203.318714
1664.987739,207,917.07667,-1986.600564,1664.987739
-1160.469428,107,918.149255,551.373395,-1160.469428
1559.858738,186,920.003938,-1904.411847,1559.858738
-1305.831164,115,921.132636,492.173799,-1305.831164
1615.477448,174,922.798905,-1820.718058,1615.477448
-1355.526581,85,923.638345,641.508762,-1355.526581
1559.270454,176,925.33444,-1817.586649,1559.270454
1610.266333,200,927.665748,-1965.603379,1610.266333
-1289.955865,126,928.932244,414.626734,-1289.955865
1643.43691,169,930.636938,-1821.907692,1643.43691
-1263.33963,113,931.744945,485.028011,-1263.33963
1410.676531,222,934.020266,-2069.81194,1410.676531
-1363.991639,122,935.213406,453.783737,-1363.991639
1662.927568,187,936.997034,-1866.072403,1662.927568
-1204.231717,103,938.042355,555.164846,-1204.231717
1638.386341,203,940.081458,-1981.003965,1638.386341
1643.691808,190,941.987185,-1911.276354,1643.691808
1611.238045,230,944.331847,-2093.801713,1611.238045
-1251.442716,68,945.035734,737.523713,-1251.442716
1660.199432,218,947.657331,-2068.911962,1660.199432
1494.117938,185,949.435761,-1863.604676,1494.117938
1647.921966,176,951.131681,-1845.139128,1647.921966
1636.609477,192,953.106507,-1964.275728,1636.609477
1670.641981,189,954.955326,-1908.858639,1670.641981
-766.68867,175,956.629826,168.858453,-766.68867
1623.051337,162,958.271359,-1772.909217,1623.051337
1629.184617,199,960.257505,-1929.472838,1629.184617
1648.373851,195,962.431888,-1915.5289,1648.373851
-1390.327818,113,963.545958,483.445224,-1390.327818
1647.600812,211,965.606587,-2016.791402,1647.600812
1506.423208,164,967.155435,-1755.254925,1506.423208
1638.438332,212,969.647524,-2059.517588,1638.438332
1633.480334,195,971.61748,-1966.634389,1633.480334
-1193.018282,125,972.885743,445.749307,-1193.018282
1643.643552,182,974.814506,-1852.146641,1643.643552
1654.631918,184,976.754934,-1846.170093,1654.631918
1664.634407,209,978.733839,-2002.757142,1664.634407
1729.916934,210,980.804967,-2001.992625,1729.916934
1628.893749,185,982.563455,-1853.273756,1628.893749
-1300.71498,102,983.628485,-450.500007,-1300.71498
-1293.152113,130,984.892662,376.997202,-1293.152113
1657.517493,191,986.684797,-1896.67998,1657.517493
1652.001457,182,988.46405,-1889.538945,1652.001457
1184.356228,206,990.840752,-1983.017721,1184.356228
-1157.501375,166,992.47981,208.933046,-1157.501375
1652.877882,184,994.278996,-1883.680226,1652.877882
-1338.35173,160,995.86364,220.178913,-1338.35173
1340.75891,178,997.562766,-1836.870789,1340.75891
-1266.585251,90,998.410722,639.594009,-1266.585251
1568.932255,198,1000.369765,-1965.310051,1568.932255
1529.188346,216,1002.623821,-2022.324572,1529.188346
1622.110826,172,1004.408255,-1793.92035,1622.110826
-1213.712118,118,1005.601349,446.054983,-1213.712118
1694.991592,213,1007.697711,-2038.878663,1694.991592
-1218.668379,85,1008.524046,673.14763,-1218.668379
-1234.214878,91,1009.843612,655.079458,-1234.214878
746.906329,155,1011.376052,-1715.05467,746.906329
1621.210291,167,1013.005308,-1791.689449,1621.210291
-1640.443018,141,1014.384535,-674.728502,-1640.443018
-1208.899704,98,1015.321544,612.047761,-1208.899704
-1362.130892,99,1016.304904,-433.760655,-1362.130892
-1186.130646,119,1017.439856,494.081458,-1186.130646
1321.601518,175,1019.111118,-1837.529546,1321.601518
1664.281289,189,1020.912972,-1909.392422,1664.281289
-1295.799953,112,1022.030193,490.264398,-1295.799953
1655.952817,178,1023.777558,-1844.517125,1655.952817
1666.541878,189,1025.673543,-1934.307543,1666.541878
-1352.453052,104,1026.67752,574.24514,-1352.453052
1464.194037,183,1028.47506,-1900.471804,1464.194037
-1074.813609,95,1029.382387,594.812177,-1074.813609
-1238.17469,116,1030.899537,524.455336,-1238.17469
1641.977539,209,1033.093257,-1979.996441,1641.977539
-1442.678331,104,1034.165051,527.604355,-1442.678331
1621.879768,175,1035.917071,-1822.743984,1621.879768
1669.414205,203,1037.949577,-1941.814073,1669.414205
1625.472553,196,1039.899971,-1918.131506,1625.472553
-1336.556197,85,1040.71885,658.322436,-1336.556197
-1149.624817,82,1041.556795,682.882331,-1149.624817
1674.660105,180,1043.40492,-1873.733474,1674.660105
1612.785127,222,1045.579546,-2158.49778,1612.785127
1621.967817,214,1047.69084,-2026.444854,1621.967817
-1277.603191,103,1048.751329,531.982036,-1277.603191
1644.462048,181,1050.518309,-1843.202878,1644.462048
-1245.52404,115,1052.115592,479.000905,-1245.52404
1693.217848,194,1054.001205,-1908.488312,1693.217848
-1233.102378,138,1055.403253,397.17438,-1233.102378
1549.807857,151,1056.8546,-1724.104102,1549.807857
1621.303044,171,1058.497727,-1830.942363,1621.303044
1626.439079,203,1060.433879,-1971.314814,1626.439079
1347.641712,210,1062.683633,-1996.975066,1347.641712
-1238.62798,93,1063.61188,-379.603958,-1238.62798
-1077.115487,109,1064.759071,523.566972,-1077.115487
1486.2748,205,1066.881228,-1994.300659,1486.2748
-1314.050329,67,1067.573467,734.899158,-1314.050329
-1143.962431,117,1068.754712,486.629666,-1143.962431
1648.748709,185,1070.611189,-1868.077612,1648.748709
1623.305676,209,1072.988494,-1993.129385,1623.305676
1632.141108,203,1075.069831,-1980.7492,1632.141108
1627.410272,259,1077.609564,-2285.23986,1627.410272
1678.519889,199,1079.51371,-1924.899216,1678.519889
1633.278901,195,1081.454693,-1960.788116,1633.278901
1416.315518,187,1083.337791,-1918.976846,1416.315518
1573.944608,201,1085.290603,-1974.136235,1573.944608
-1193.654973,76,1086.05238,686.538412,-1193.654973
1636.956283,201,1087.982069,-1959.59415,1636.956283
1647.995248,188,1089.821239,-1919.122492,1647.995248
1629.355261,198,1091.874823,-1939.027718,1629.355261
1645.966338,176,1094.105637,-1791.315045,1645.966338
-1269.360124,88,1094.9822,620.65911,-1269.360124
1623.157688,158,1096.634474,-1748.406373,1623.157688
-1310.849185,107,1097.667277,534.609034,-1310.849185
1612.884915,174,1099.345044,-1845.550569,1612.884915
1608.470237,200,1101.329757,-1952.0567,1608.470237
1677.813091,211,1103.480793,-2040.683344,1677.813091
1672.734387,198,1105.48692,-1953.785634,1672.734387
1623.317141,161,1107.000385,-1779.170384,1623.317141
1529.223531,170,1108.599445,-1774.935048,1529.223531
1622.049198,167,1110.22088,-1762.008318,1622.049198
-1270.226153,131,1111.487125,-625.248885,-1270.226153
1669.406839,201,1113.957087,-1969.493936,1669.406839
1637.746097,194,1115.862563,-1916.638439,1637.746097
-1333.700422,102,1116.842513,562.534048,-1333.700422
1684.257901,250,1119.236622,-2243.478708,1684.257901
1622.487476,203,1121.320702,-1958.162927,1622.487476
1619.033935,178,1123.19283,-1843.551146,1619.033935
-1256.06013,88,1124.091516,605.2267,-1256.06013
-1220.794101,113,1125.293287,533.146899,-1220.794101
-1226.593365,61,1125.917755,804.583753,-1226.593365
-539.689311,182,1127.741592,128.661708,-539.689311
1475.110698,201,1129.745934,-1970.586261,1475.110698
-1226.030465,121,1131.009577,-563.510252,-1226.030465
1634.818284,190,1132.837617,-1914.694725,1634.818284
1649.51736,211,1135.345611,-2043.244651,1649.51736
1618.955741,182,1137.154124,-1858.028464,1618.955741
-1440.544447,125,1138.381238,429.009254,-1440.544447
1609.039977,252,1140.822687,-2215.271527,1609.039977
1652.744222,166,1142.390975,-1789.548127,1652.744222
1577.221896,186,1144.2621,-1879.510053,1577.221896
-598.53113,227,1146.530156,-1114.459898,-598.53113
1614.859372,191,1148.352842,-1900.544881,1614.859372
-1071.078961,114,1149.439864,512.702484,-1071.078961
1644.298136,230,1151.804214,-2141.480097,1644.298136
1646.464986,178,1153.623985,-1884.537098,1646.464986
1625.806716,172,1155.862067,-1812.374969,1625.806716
-994.402949,170,1157.509281,186.94273,-994.402949
1637.184423,219,1159.621659,-2014.777173,1637.184423
1651.2221,216,1161.684207,-2044.280974,1651.2221
1608.295464,193,1163.60001,-1910.5691,1608.295464
-1350.865389,104,1164.628382,538.957281,-1350.865389
1610.309299,177,1166.350396,-1878.367874,1610.309299
1445.488736,187,1168.222115,-1908.745934,1445.488736
1642.847235,163,1169.767998,-1743.705023,1642.847235
-1353.963144,123,1171.039415,462.721615,-1353.963144
1618.733859,194,1172.998392,-1928.749621,1618.733859
-1234.853287,100,1173.961317,598.080776,-1234.853287
1607.581484,178,1176.19868,-1839.747177,1607.581484
1256.523578,171,1177.872698,-1814.571843,1256.523578
-1188.425363,108,1178.92435,505.869655,-1188.425363
1464.310328,210,1181.106828,-2048.547825,1464.310328
-1164.550326,88,1182.059988,638.949637,-1164.550326
-846.427149,113,1183.2488,488.384294,-846.427149
1657.375375,165,1184.967843,-1782.935025,1657.375375
-1301.340232,87,1185.834421,670.807837,-1301.340232
-1146.395853,77,1186.608078,719.952522,-1146.395853
-841.763872,163,1188.222441,230.856048,-841.763872
1614.97533,141,1189.560507,-1619.544319,1614.97533
-1175.109389,99,1190.501876,564.850994,-1175.109389
1639.705243,191,1192.394892,-1920.736055,1639.705243
1682.252222,212,1194.49769,-2014.555985,1682.252222
1646.058262,198,1196.826129,-1973.22693,1646.058262
1635.465319,189,1198.624968,-1923.841735,1635.465319
-1621.567074,121,1199.802779,461.055247,-1621.567074
-1141.670487,128,1201.066669,437.030282,-1141.670487
-1191.052558,117,1202.203579,491.672395,-1191.052558
1607.2543,194,1204.222892,-1918.208808,1607.2543
1665.948871,179,1206.025702,-1859.451146,1665.948871
-1263.671176,105,1207.162194,583.363016,-1263.671176
-1334.778808,101,1208.164412,-411.036224,-1334.778808
1617.413197,153,1209.633418,-1710.890895,1617.413197
-1331.296339,124,1210.846711,432.645403,-1331.296339
1649.314925,192,1212.849195,-1903.388279,1649.314925
-1353.991972,190,1214.858001,69.493593,-1353.991972
-1263.573861,88,1215.777083,633.473661,-1263.573861
999.712728,182,1217.99333,-1844.468053,999.712728
1632.004255,198,1219.86711,-1964.108092,1632.004255
1635.401532,171,1221.520261,-1816.351064,1635.401532
-1345.230765,105,1222.550869,563.849102,-1345.230765
-1238.924129,99,1223.556151,584.068002,-1238.924129
-1270.155044,115,1224.642661,508.288294,-1270.155044
-1327.776751,105,1225.650241,581.478755,-1327.776751
1624.761366,157,1227.184056,-1710.369534,1624.761366
-1138.592733,103,1228.169907,578.908512,-1138.592733
-1200.351635,83,1228.96709,653.860119,-1200.351635
-1436.60339,138,1230.327776,414.337116,-1436.60339
1624.265689,216,1232.405984,-2032.227828,1624.265689
-1183.496069,156,1233.86262,-694.353514,-1183.496069
1580.259528,202,1235.780368,-1976.953635,1580.259528
1658.753802,204,1238.138999,-1978.581461,1658.753802
1636.346091,208,1240.078304,-1989.373035,1636.346091
1623.597162,179,1241.893416,-1859.696726,1623.597162
-1258.034501,63,1242.533455,776.553922,-1258.034501
1633.872483,189,1244.490884,-1908.362049,1633.872483
1639.153684,220,1246.687604,-2071.197309,1639.153684
1455.774215,216,1248.689759,-2080.217346,1455.774215
1639.900934,182,1250.437377,-1876.785581,1639.900934
-1407.285031,100,1251.381064,-456.391069,-1407.285031
1621.212888,187,1253.168993,-1912.605413,1621.212888
1651.222509,212,1255.286962,-1992.920429,1651.222509
1535.469322,182,1257.017249,-1849.312676,1535.469322
-1196.234304,113,1258.474753,497.014932,-1196.234304
-1402.820235,106,1259.512279,-481.22404,-1402.820235
-1264.622031,90,1260.419679,632.533769,-1264.622031
-1114.678113,109,1261.478979,521.312226,-1114.678113
-1199.722243,142,1262.929661,-641.247381,-1199.722243
1607.569314,213,1265.00641,-2007.425131,1607.569314
-902.67,130,1266.32427,421.900254,-902.67
-931.694351,189,1268.127689,96.564673,-931.694351
1667.072997,185,1269.844055,-1848.12264,1667.072997
-1370.216836,105,1270.832958,547.271348,-1370.216836
1622.815705,222,1273.147276,-2060.835888,1622.815705
1618.426624,198,1275.174228,-1956.546148,1618.426624
-1214.937347,73,1275.90092,725.096434,-1214.937347
1632.148221,184,1277.744147,-1858.267727,1632.148221
1686.159822,202,1280.085262,-1965.228509,1686.159822
-1393.769283,100,1281.043673,-401.888086,-1393.769283
-1511.555789,131,1282.242624,425.203324,-1511.555789
1402.541744,166,1283.776071,-1783.54534,1402.541744
-1233.895061,105,1284.763831,-442.152877,-1233.895061
-1202.601023,141,1286.101286,373.479858,-1202.601023
-1261.981522,82,1286.855999,681.107579,-1261.981522
1659.370418,197,1288.75125,-1969.408525,1659.370418
-1305.389627,171,1290.434753,182.33066,-1305.389627
-1214.391464,89,1291.333982,647.60316,-1214.391464
1636.651808,183,1293.141084,-1898.606583,1636.651808
1632.525477,181,1294.860966,-1853.938233,1632.525477
1440.961618,185,1296.672953,-1864.050762,1440.961618
1639.382682,176,1298.828134,-1797.489626,1639.382682
-1355.400403,92,1299.702986,-399.888453,-1355.400403
1631.787656,191,1301.658371,-1901.9126,1631.787656
1647.93215,160,1303.377115,-1743.494198,1647.93215
1297.764674,207,1305.540957,-2012.84851,1297.764674
1591.17305,186,1307.392057,-1892.117889,1591.17305
1645.346304,200,1309.2687,-1958.593399,1645.346304
-1065.6287,182,1310.977773,125.271542,-1065.6287
-1377.809044,150,1312.44552,334.709817,-1377.809044
-1261.200829,115,1313.526033,471.227708,-1261.200829
1621.233223,155,1315.000573,-1708.287601,1621.233223
1603.326981,200,1316.931571,-1991.107343,1603.326981
1635.285913,179,1318.657114,-1847.594693,1635.285913
1592.491425,224,1321.24053,-2112.585693,1592.491425
-1199.674829,90,1322.091709,645.392296,-1199.674829
1625.782725,173,1323.817641,-1830.023463,1625.782725
1619.239599,192,1325.721152,-1952.557429,1619.239599
1644.580023,191,1327.549844,-1907.870463,1644.580023
1627.403128,204,1329.516956,-1975.233538,1627.403128
-1241.690964,77,1330.270261,701.17356,-1241.690964
-1327.574989,106,1331.405513,572.309982,-1327.574989
-1166.103702,117,1332.592366,488.194206,-1166.103702
-1064.864605,114,1333.773186,464.618843,-1064.864605
1631.826029,178,1335.613848,-1827.30195,1631.826029
1640.487328,189,1337.488098,-1919.233612,1640.487328
1607.396643,163,1339.136687,-1762.329171,1607.396643
-1306.618727,101,1340.604531,558.377784,-1306.618727
-1143.45708,130,1341.953425,430.783305,-1143.45708
1624.610563,198,1343.956851,-1972.618673,1624.610563
-1308.689144,109,1345.014596,507.650549,-1308.689144
1637.507072,189,1346.876208,-1872.499449,1637.507072
1624.770303,194,1348.677169,-1905.162785,1624.770303
1654.71895,184,1350.436938,-1889.699749,1654.71895
1468.697182,180,1352.191955,-1838.351837,1468.697182
-1238.686887,100,1353.148321,615.701082,-1238.686887
1612.075321,195,1355.030499,-1933.849241,1612.075321
1630.294272,210,1357.115882,-2043.622198,1630.294272
1632.238176,162,1358.685952,-1750.170219,1632.238176
-1350.741018,107,1359.691368,522.512134,-1350.741018
-1281.297234,90,1360.995383,624.637442,-1281.297234
-1330.816027,86,1361.932181,685.387754,-1330.816027
1622.383546,214,1364.144999,-2035.048654,1622.383546
-1290.916088,118,1365.381376,499.52966,-1290.916088
1505.60039,182,1367.177622,-1882.533858,1505.60039
-1631.061621,133,1368.474118,386.940841,-1631.061621
1627.975006,190,1370.316345,-1893.161915,1627.975006
-1254.930531,81,1371.115839,662.748609,-1254.930531
1626.240863,172,1372.731566,-1819.875066,1626.240863
1631.647012,196,1374.607326,-1930.290997,1631.647012
1638.406712,199,1376.568288,-1944.846488,1638.406712
1663.977923,194,1378.381325,-1924.792016,1663.977923
1375.886225,164,1379.930263,-1775.175768,1375.886225
1630.742379,185,1382.153105,-1899.988847,1630.742379
1257.628494,185,1384.001278,-1912.265305,1257.628494
1648.884136,173,1385.696883,-1837.369979,1648.884136
1628.774604,195,1387.608817,-1952.900273,1628.774604
1654.238185,201,1389.513598,-1994.042958,1654.238185
1630.419814,192,1391.521904,-1912.95072,1630.419814
1635.73365,175,1393.315725,-1852.007832,1635.73365
1634.183882,181,1395.176655,-1836.059047,1634.183882
1685.45429,194,1397.166863,-1951.03417,1685.45429
1652.874126,198,1399.120255,-1964.118176,1652.874126
-1310.390154,108,1400.138675,525.776386,-1310.390154
1714.589787,234,1402.837675,-2143.82356,1714.589787
1638.624382,220,1404.963394,-2052.763901,1638.624382
1650.730213,183,1406.802033,-1859.299021,1650.730213
1480.029061,188,1408.636933,-1936.757592,1480.029061
1640.476822,201,1410.611519,-1976.564429,1640.476822
-1497.807689,97,1411.519808,560.66815,-1497.807689
1206.302464,199,1413.428799,-1937.016962,1206.302464
1563.143031,182,1415.227709,-1881.118831,1563.143031
-1367.664874,118,1416.366435,471.960098,-1367.664874
1687.888429,239,1418.729568,-2178.761353,1687.888429
1668.919736,206,1420.78816,-1991.593382,1668.919736
1703.761769,191,1423.294653,-1915.894165,1703.761769
1637.043876,171,1424.999798,-1811.687356,1637.043876
-1451.45385,120,1426.26646,449.273279,-1451.45385
1610.964915,195,1428.11138,-1949.373064,1610.964915
1629.667282,197,1430.018248,-1936.23283,1629.667282
1441.157583,197,1431.872203,-1933.437008,1441.157583
-1244.626074,114,1432.946082,-467.905746,-1244.626074
1629.198462,194,1434.955946,-1947.204819,1629.198462
1629.616932,250,1437.429633,-2217.993881,1629.616932
1697.780598,212,1439.480839,-1999.911077,1697.780598
-1276.556813,115,1440.572507,484.975863,-1276.556813
1643.82959,164,1442.202072,-1778.325624,1643.82959
1651.682855,187,1444.47886,-1904.71231,1651.682855
-1133.335454,95,1445.431818,604.275806,-1133.335454
1636.639231,186,1447.222636,-1864.378462,1636.639231
-1404.076518,124,1448.48624,472.638468,-1404.076518
1641.602264,172,1450.188457,-1812.620849,1641.602264
1651.965096,187,1452.071156,-1863.534915,1651.965096
-1248.564831,130,1453.379748,393.020561,-1248.564831
1663.227555,181,1455.256017,-1882.575225,1663.227555
1644.885151,186,1457.073027,-1870.297192,1644.885151
-1550.507081,157,1458.583288,286.551927,-1550.507081
-1199.410969,78,1459.319815,728.009325,-1199.410969
949.271987,184,1461.075488,-1851.625649,949.271987
1617.288587,197,1462.976209,-1929.475633,1617.288587
1720.114814,198,1465.31131,-1929.787661,1720.114814
1657.991177,177,1467.129266,-1838.604953,1657.991177
1635.233996,171,1468.938605,-1800.347009,1635.233996
-1199.027275,88,1469.879087,663.167616,-1199.027275
1625.551229,206,1472.027165,-2027.446453,1625.551229
1639.803849,178,1473.764922,-1851.035622,1639.803849
-1205.232861,79,1474.549703,659.359984,-1205.232861
-1258.340667,121,1475.854969,476.523157,-1258.340667
-1387.318727,141,1477.308681,357.58114,-1387.318727
1690.662456,198,1479.283783,-1974.258081,1690.662456
1600.87815,228,1481.565816,-2106.21636,1600.87815
1650.744797,201,1483.651937,-1955.642915,1650.744797
-1200.086851,151,1485.658551,294.328192,-1200.086851
1673.450483,199,1487.571232,-1930.165067,1673.450483
1662.959281,183,1489.284906,-1895.387996,1662.959281
1651.40423,201,1491.173465,-1973.378088,1651.40423
1640.473714,187,1493.048092,-1870.168335,1640.473714
-532.676054,201,1494.972006,14.345038,-532.676054
-1304.194876,77,1495.802538,710.03425,-1304.194876
1619.203698,206,1497.738196,-1969.561649,1619.203698
-1233.664029,96,1498.687034,-396.19004,-1233.664029
1619.765329,193,1500.718198,-1934.98609,1619.765329
1617.843513,202,1502.944488,-1977.325269,1617.843513
1648.047634,188,1504.825223,-1880.750324,1648.047634
1664.447517,188,1507.088607,-1902.878055,1664.447517
1624.642829,179,1508.881652,-1846.482825,1624.642829
1640.699355,194,1510.933984,-1928.941235,1640.699355
1623.69261,173,1512.969269,-1848.176247,1623.69261
1448.352688,256,1515.937635,-2251.382895,1448.352688
1406.122567,245,1518.395213,-2204.427712,1406.122567
1697.584383,196,1520.425235,-1935.042928,1697.584383
-1304.043582,119,1521.62021,481.567202,-1304.043582
-955.790059,181,1523.413315,147.154803,-955.790059
1638.117908,186,1525.210362,-1869.210084,1638.117908
-1171.642848,77,1525.922677,701.705681,-1171.642848
1691.636726,214,1528.391795,-2021.826829,1691.636726
-1316.076373,114,1529.529826,495.486455,-1316.076373
-1239.792467,137,1530.835253,405.804417,-1239.792467
1647.512392,212,1532.959085,-2019.974656,1647.512392
1552.586194,198,1534.916602,-1952.700669,1552.586194
1546.698252,200,1536.935502,-1987.043504,1546.698252
1631.579632,187,1539.01426,-1907.674832,1631.579632
1473.421351,171,1540.800769,-1832.801785,1473.421351
1616.723208,184,1542.734788,-1888.477451,1616.723208
1659.035956,180,1544.591543,-1851.298189,1659.035956
-1193.033819,80,1545.429134,659.312276,-1193.033819
1614.622482,173,1547.146064,-1838.460828,1614.622482
1646.000949,215,1549.666243,-2066.083335,1646.000949
-1331.668883,133,1550.920807,398.93079,-1331.668883
1539.948735,206,1552.895138,-1993.756732,1539.948735
1635.839695,176,1554.644436,-1854.280689,1635.839695
-1035.739818,196,1556.547187,85.545722,-1035.739818
1619.479698,150,1557.959944,-1678.022601,1619.479698
-1269.761822,131,1559.226653,-604.759004,-1269.761822
-1187.691385,105,1560.220108,-461.264127,-1187.691385
1644.335425,184,1562.092235,-1855.511705,1644.335425
1678.399449,177,1563.84339,-1823.259297,1678.399449
1655.451397,196,1565.764482,-1960.736006,1655.451397
1597.000888,168,1567.47293,-1796.217581,1597.000888
1666.794756,178,1569.744839,-1866.071361,1666.794756
-1218.904497,76,1570.464035,689.400374,-1218.904497
-1408.972366,168,1572.266715,207.411111,-1408.972366
1642.833569,196,1574.335747,-1927.080735,1642.833569
1610.817448,169,1576.023994,-1800.528381,1610.817448
1548.604436,214,1578.092273,-2059.747354,1548.604436
1656.895645,175,1579.791209,-1813.978655,1656.895645
1651.322735,193,1581.631297,-1912.447153,1651.322735
1671.269515,173,1583.321137,-1815.718496,1671.269515
1644.231836,176,1584.97188,-1799.077651,1644.231836
1672.203636,210,1587.067055,-2008.832042,1672.203636
1640.980987,163,1588.646106,-1735.898163,1640.980987
1663.364145,188,1590.803271,-1897.968666,1663.364145
1659.256189,182,1592.581151,-1854.071452,1659.256189
1631.285224,192,1594.42451,-1898.974106,1631.285224
-1184.897886,75,1595.133268,710.946335,-1184.897886
1641.739447,188,1597.012579,-1882.049098,1641.739447
1646.068707,190,1598.843648,-1900.903001,1646.068707
1631.955298,198,1600.830072,-1937.528507,1631.955298
1648.799733,179,1602.661162,-1871.50629,1648.799733
-1189.919307,153,1604.23375,266.521496,-1189.919307
1630.891795,184,1606.121837,-1899.258452,1630.891795
1665.474581,185,1607.987244,-1870.138929,1665.474581
1656.870653,224,1610.566527,-2073.353271,1656.870653
-1278.507553,78,1611.323086,676.875659,-1278.507553
1667.386817,212,1613.51518,-2007.342796,1667.386817
1527.919748,205,1615.628759,-1948.962691,1527.919748
-1208.514473,75,1616.372326,724.231185,-1208.514473
-1170.316674,151,1617.880514,313.00218,-1170.316674
1621.662024,180,1619.622157,-1847.072621,1621.662024
1651.07802,215,1621.659991,-2070.265047,1651.07802
-1171.599567,85,1622.483705,671.287668,-1171.599567
1624.827216,220,1624.662052,-2053.826852,1624.827216
1610.593675,207,1626.650435,-2022.449878,1610.593675
1679.366087,222,1628.740981,-2090.280555,1679.366087
1642.45123,183,1630.97874,-1876.49514,1642.45123
-1090.715897,113,1632.083469,-532.34632,-1090.715897
1614.153681,194,1634.045944,-1941.42765,1614.153681
1636.055812,244,1636.520628,-2181.784109,1636.055812
1652.744915,183,1638.206624,-1872.388709,1652.744915
1644.428964,231,1640.525899,-2150.706126,1644.428964
-1236.032082,84,1641.312805,680.860089,-1236.032082
1630.778273,185,1643.139776,-1904.007404,1630.778273
1670.28071,193,1644.931642,-1929.244768,1670.28071
-1290.223595,96,1645.861968,601.462906,-1290.223595
1620.451326,200,1647.786888,-1952.595151,1620.451326
1611.234123,174,1649.631852,-1838.075399,1611.234123
808.116784,196,1652.132421,-1918.051591,808.116784
1640.375799,211,1654.296758,-2031.684392,1640.375799
-1169.932595,106,1655.409609,533.468972,-1169.932595
1641.519809,183,1657.174392,-1854.411358,1641.519809
1654.693406,185,1658.955833,-1884.814321,1654.693406
1674.254025,202,1660.935419,-1956.869487,1674.254025
1686.753743,255,1663.590835,-2252.820999,1686.753743
1601.292503,174,1665.387018,-1832.905338,1601.292503
-1297.428188,121,1666.566509,460.383383,-1297.428188
1679.460198,196,1668.446262,-1918.098321,1679.460198
1521.935725,201,1670.40009,-1987.302952,1521.935725
-1146.887797,122,1671.640001,459.772567,-1146.887797
1631.311833,192,1673.840449,-1899.58368,1631.311833
1649.789227,191,1675.669802,-1889.442684,1649.789227
1652.413226,214,1677.685687,-2011.03934,1652.413226
1608.038559,205,1679.695033,-2012.889678,1608.038559
1146.960552,168,1681.297582,-1781.353912,1146.960552
1631.31295,218,1683.419388,-2077.206273,1631.31295
-1194.998544,138,1684.731509,352.296406,-1194.998544
-1359.3382,114,1685.892941,488.154987,-1359.3382
1398.873781,201,1687.816046,-1958.563239,1398.873781
-1504.51019,136,1689.094524,408.111768,-1504.51019
1633.45943,183,1690.912679,-1861.357793,1633.45943
1629.576321,167,1693.095446,-1767.914271,1629.576321
1641.584304,172,1694.877278,-1808.41374,1641.584304
1653.068034,197,1696.908708,-1920.888469,1653.068034
1639.887786,179,1698.72937,-1842.63356,1639.887786
1642.396644,179,1700.440207,-1850.813021,1642.396644
1638.903603,190,1702.371354,-1889.594451,1638.903603
1372.469493,217,1704.537513,-2075.075626,1372.469493
1654.427778,225,1706.800636,-2101.024161,1654.427778
1566.34311,163,1708.408848,-1770.35486,1566.34311
-1573.075419,121,1709.574203,430.43743,-1573.075419
1663.960612,189,1711.402799,-1894.687779,1663.960612
1604.034018,223,1714.012711,-2067.464802,1604.034018
1665.046683,188,1715.88973,-1872.873926,1665.046683
1648.397992,182,1717.657365,-1895.183999,1648.397992
1639.014245,167,1719.235845,-1778.61589,1639.014245
-825.804223,162,1720.794703,-723.762897,-825.804223
1659.639879,213,1723.0751,-2063.341515,1659.639879
1622.046014,193,1725.149173,-1932.148975,1622.046014
1631.103705,227,1727.375561,-2123.362104,1631.103705
-1149.5293,82,1728.159865,693.261031,-1149.5293
1619.174791,203,1730.155653,-1998.879916,1619.174791
1615.470294,212,1732.28572,-2061.785,1615.470294
-1091.733524,122,1733.449158,-550.495668,-1091.733524
1639.017379,208,1735.864983,-2001.764039,1639.017379
1585.258571,224,1738.06165,-2068.889861,1585.258571
1641.572732,239,1740.386564,-2136.078684,1641.572732
1625.325808,171,1742.095653,-1832.711035,1625.325808
1627.794296,190,1743.93219,-1921.813791,1627.794296
1646.694635,199,1745.852991,-1939.605323,1646.694635
1608.779001,192,1747.741527,-1933.419062,1608.779001
1625.121706,189,1749.553824,-1889.542488,1625.121706
1693.877526,226,1751.937076,-2086.832324,1693.877526
1646.424304,218,1754.293115,-2057.865327,1646.424304
-1339.939736,108,1755.836502,544.60558,-1339.939736
1652.121493,205,1757.886462,-1996.957911,1652.121493
1620.664457,171,1759.547823,-1782.061018,1620.664457
1656.907068,192,1761.360533,-1922.364678,1656.907068
1661.188176,203,1763.374785,-1988.129145,1661.188176
1678.223259,205,1765.428462,-1962.583573,1678.223259
1611.818941,181,1767.202123,-1858.121141,1611.818941
1641.734035,195,1769.138077,-1933.42924,1641.734035
1631.570838,170,1770.766086,-1790.229265,1631.570838
1109.709831,212,1772.839778,-2014.388023,1109.709831
1595.379205,210,1774.857573,-2008.590046,1595.379205
1685.775702,197,1777.156801,-1969.331201,1685.775702
1666.752573,192,1779.096585,-1923.604427,1666.752573
1641.838899,215,1781.163445,-2026.878336,1641.838899
1661.122502,208,1783.319427,-1976.467181,1661.122502
1603.294299,199,1785.368472,-1949.421345,1603.294299
-1224.969155,83,1786.242848,663.87172,-1224.969155
1520.767479,181,1788.093313,-1862.09665,1520.767479
1645.322943,184,1789.835127,-1894.870475,1645.322943
1616.474022,178,1791.598222,-1849.79669,1616.474022
1629.09786,149,1793.038449,-1722.073064,1629.09786
1427.810917,183,1794.807323,-1883.577899,1427.810917
1647.733625,182,1796.980725,-1837.192661,1647.733625
-1246.167883,77,1797.715062,690.543943,-1246.167883
-1062.924291,164,1799.334958,211.126426,-1062.924291
1638.905768,178,1801.106032,-1844.406251,1638.905768
1634.870685,264,1803.69411,-2294.937459,1634.870685
-1386.058102,127,1804.919244,426.50574,-1386.058102
-1194.3958,80,1805.739788,680.960678,-1194.3958
1646.181917,215,1807.87321,-2035.267162,1646.181917
1652.613541,190,1809.738966,-1886.089061,1652.613541
1667.093486,205,1811.8889,-1975.181306,1667.093486
1654.296024,208,1814.031758,-2027.570526,1654.296024
-1181.782127,84,1814.866446,659.211883,-1181.782127
1592.493771,231,1817.637945,-2146.808198,1592.493771
-1615.10545,99,1818.628611,575.972403,-1615.10545
1617.95245,189,1820.553451,-1870.740132,1617.95245
1653.936638,191,1822.420562,-1926.529446,1653.936638
1654.944762,222,1824.542648,-2103.903891,1654.944762
-1357.620963,121,1825.777899,468.401198,-1357.620963
1622.938846,198,1827.873175,-1978.420245,1622.938846
-1011.047644,183,1829.749955,-855.95375,-1011.047644
1670.295843,186,1831.603331,-1859.60654,1670.295843
1654.160052,256,1834.158874,-2244.694284,1654.160052
1691.32953,186,1836.148121,-1902.591428,1691.32953
1645.786945,198,1838.630418,-1988.514713,1645.786945
1620.849347,193,1840.56141,-1947.957985,1620.849347
1648.201788,191,1842.478343,-1930.635428,1648.201788
1646.660965,178,1844.341001,-1845.635407,1646.660965
1665.584382,196,1846.439972,-1941.441912,1665.584382
-1232.995625,93,1847.393425,589.069206,-1232.995625
-1242.057547,140,1848.734383,357.33276,-1242.057547
-1270.393707,76,1849.469413,-321.522169,-1270.393707
810.770208,147,1850.850718,-1648.416155,810.770208
1629.031911,171,1852.484593,-1835.789181,1629.031911
1315.030892,165,1854.147537,-1777.842173,1315.030892
-1217.649076,117,1855.250114,489.381858,-1217.649076
1623.1873,173,1856.919193,-1824.662107,1623.1873
-1291.233237,109,1857.941397,532.984796,-1291.233237
-1296.600199,92,1859.295588,641.687388,-1296.600199
1682.264464,201,1861.32628,-1978.8652,1682.264464
-1369.419049,123,1862.511227,459.631121,-1369.419049
1624.174965,180,1864.311519,-1869.325633,1624.174965
1667.816735,203,1866.286016,-1972.808577,1667.816735
-1217.275759,98,1867.285994,601.461187,-1217.275759
1626.65287,188,1869.293688,-1903.844071,1626.65287
1633.877601,185,1871.29457,-1881.962187,1633.877601
1661.106521,191,1873.818358,-1936.691087,1661.106521
1661.339276,212,1876.242938,-2050.579587,1661.339276
1641.38982,164,1877.950395,-1735.621611,1641.38982
1622.293774,186,1879.922051,-1872.278638,1622.293774
1185.082649,196,1882.391909,-1936.562933,1185.082649
1699.973356,213,1884.622452,-2060.105655,1699.973356
1682.442624,155,1886.309251,-1703.572457,1682.442624
1618.626977,190,1888.483392,-1885.146613,1618.626977
1641.218609,184,1890.626967,-1909.614406,1641.218609
1665.133369,183,1892.621293,-1887.815053,1665.133369
-834.661519,141,1894.06333,330.753011,-834.661519
1629.825692,187,1896.097856,-1887.006805,1629.825692
1168.004026,198,1898.250934,-1938.664681,1168.004026
-1271.11299,99,1899.286018,606.664368,-1271.11299
1478.556719,182,1901.273498,-1826.143341,1478.556719
1629.828326,187,1903.489728,-1860.907501,1629.828326
-1519.68663,94,1905.002625,613.944832,-1519.68663
1662.811964,202,1907.172106,-1956.141889,1662.811964
1656.934874,193,1909.190861,-1907.087889,1656.934874
-1160.940013,105,1910.340457,538.225494,-1160.940013
1642.014685,197,1912.39302,-1970.685734,1642.014685
1631.586217,178,1914.229695,-1867.333736,1631.586217
1643.298649,168,1916.073988,-1792.824501,1643.298649
1658.816247,191,1918.149524,-1890.6842,1658.816247
-1200.813859,69,1918.864123,761.479708,-1200.813859
-1623.824558,128,1920.239697,431.827771,-1623.824558
1645.059309,213,1922.618315,-2065.228574,1645.059309
1475.94039,184,1924.516382,-1904.171214,1475.94039
-1225.416548,85,1925.436189,627.52434,-1225.416548
1655.11044,203,1928.076793,-1983.742524,1655.11044
1662.314455,265,1930.93976,-2285.511124,1662.314455
1633.706693,152,1932.707883,-1716.08566,1633.706693
1432.145565,216,1935.214441,-2035.971145,1432.145565
-1342.23222,97,1936.311141,594.693979,-1342.23222
1669.358421,207,1938.568276,-2021.631368,1669.358421
1663.634599,192,1940.640649,-1906.68545,1663.634599
-1257.702574,78,1941.507256,-305.964814,-1257.702574
-1226.555947,83,1942.431702,692.698982,-1226.555947
1414.828467,196,1944.628994,-1952.19,1414.828467
-1313.473842,128,1945.991187,447.579357,-1313.473842
-1047.827178,117,1947.25614,457.259483,-1047.827178
1573.577189,184,1949.300813,-1872.748008,1573.577189
-1218.909016,96,1950.785313,617.778217,-1218.909016
1684.587924,183,1952.873875,-1848.642491,1684.587924
1651.896451,195,1955.039722,-1917.674189,1651.896451
1624.972117,213,1957.323426,-2026.917252,1624.972117
1667.713003,205,1959.561866,-1970.870064,1667.713003
1650.554905,186,1961.582008,-1896.486978,1650.554905
1658.13589,191,1963.742363,-1931.145385,1658.13589
1636.513871,193,1965.91919,-1915.372095,1636.513871
1669.713541,215,1968.237612,-2061.317957,1669.713541
1617.016199,184,1970.214806,-1848.09261,1617.016199
-1456.237228,184,1972.271853,144.312079,-1456.237228
1652.424999,180,1974.673293,-1848.601594,1652.424999
1648.737896,176,1976.549633,-1842.513483,1648.737896
1676.571216,189,1978.563361,-1886.163182,1676.571216
-1377.405764,109,1979.717088,559.289992,-1377.405764
1665.494159,206,1981.986553,-1998.050089,1665.494159
1661.494169,159,1983.764112,-1730.997761,1661.494169
1466.068291,211,1986.151395,-2024.414638,1466.068291
1660.055191,183,1988.35461,-1853.567593,1660.055191
-1225.398606,106,1989.501627,574.650976,-1225.398606
1657.677036,178,1991.411911,-1839.137525,1657.677036
-1345.880609,135,1992.830693,392.496319,-1345.880609
1646.585981,180,1994.767608,-1870.887089,1646.585981
1644.074247,195,1997.231353,-1956.022071,1644.074247
1652.892666,177,1999.002601,-1845.041965,1652.892666
1644.892298,161,2000.625784,-1755.165591,1644.892298
1643.519589,184,2002.502412,-1882.103081,1643.519589
1624.383812,204,2004.520095,-1958.295159,1624.383812
1491.703467,169,2006.181559,-1803.00981,1491.703467
1645.100586,204,2008.214715,-1937.832945,1645.100586
1650.689434,197,2010.216711,-1958.853077,1650.689434
1660.699892,173,2011.938533,-1830.140638,1660.699892
1635.892577,153,2013.460225,-1715.430324,1635.892577
1411.958737,178,2015.244711,-1821.870724,1411.958737
1559.196643,169,2017.347335,-1770.625649,1559.196643
-695.510595,197,2019.347898,41.137123,-695.510595
-1202.205462,158,2020.875594,229.346811,-1202.205462
1243.524076,200,2023.047123,-1998.077911,1243.524076
1596.668448,252,2025.914433,-2238.808233,1596.668448
1520.620517,215,2028.112943,-2026.365958,1520.620517
1624.400041,207,2030.192547,-2032.409985,1624.400041
1637.572703,191,2032.105013,-1923.754263,1637.572703
1672.954769,242,2034.478952,-2160.302613,1672.954769
1629.990759,176,2036.24361,-1823.853743,1629.990759
1651.751258,174,2038.431792,-1849.443973,1651.751258
1670.354701,177,2040.216416,-1813.255881,1670.354701
1605.481583,187,2042.180941,-1874.91772,1605.481583
1625.683221,180,2044.113782,-1864.676994,1625.683221
1649.846265,198,2046.142947,-1970.627287,1649.846265
1637.947756,200,2048.304018,-1955.314279,1637.947756
1679.210645,198,2050.259111,-1956.696825,1679.210645
1627.725521,179,2052.253662,-1847.052452,1627.725521
1617.462721,186,2054.215354,-1871.079239,1617.462721
-1247.081906,88,2055.092471,627.391243,-1247.081906
1630.120721,189,2057.06402,-1903.890847,1630.120721
1610.349844,175,2058.772724,-1813.678567,1610.349844
1482.302354,332,2062.591766,-2677.526393,1482.302354
1626.117471,221,2064.939029,-2060.811442,1626.117471
1576.161407,167,2066.705134,-1803.030027,1576.161407
1632.595439,186,2068.780076,-1890.43705,1632.595439
1646.369015,192,2070.929395,-1918.699556,1646.369015
1583.052024,171,2072.610361,-1822.47537,1583.052024
-901.622473,177,2074.300253,185.589402,-901.622473
1619.850586,172,2075.984841,-1789.990332,1619.850586
1660.428789,177,2077.705296,-1825.339959,1660.428789
1632.625939,184,2079.508797,-1886.855678,1632.625939
-1145.547083,185,2081.872849,147.152575,-1145.547083
1616.54473,179,2083.678152,-1813.028886,1616.54473
1627.177979,188,2085.636173,-1870.286517,1627.177979
1647.122808,189,2087.537783,-1887.303976,1647.122808
1657.044053,225,2089.942532,-2074.834714,1657.044053
1209.222471,158,2091.666965,-1748.291371,1209.222471
1648.962712,187,2093.867587,-1855.264126,1648.962712
1647.892854,207,2096.111963,-1986.070809,1647.892854
1635.802944,216,2098.463668,-2074.255144,1635.802944
1661.701857,183,2100.386496,-1863.20019,1661.701857
1627.509934,197,2102.492803,-1959.778126,1627.509934
1629.717469,197,2105.026472,-1924.675651,1629.717469
1648.585798,200,2107.175611,-1957.137147,1648.585798
1656.090584,196,2109.306052,-1965.608276,1656.090584
1641.063995,161,2111.059879,-1756.563644,1641.063995
1643.409463,207,2113.422833,-2025.273016,1643.409463
-1285.206028,89,2114.479763,610.235559,-1285.206028
1611.201468,181,2116.454677,-1835.51358,1611.201468
-1314.41883,87,2117.353667,614.924097,-1314.41883
-1444.690935,186,2119.416313,87.709259,-1444.690935
-1226.425882,123,2120.768111,-539.092622,-1226.425882
1639.303278,182,2122.844499,-1881.828948,1639.303278
1628.810607,177,2124.794864,-1853.326027,1628.810607
1644.978002,189,2127.247186,-1937.613221,1644.978002
1642.076893,165,2129.023912,-1752.793289,1642.076893
1633.10058,174,2130.976377,-1849.671073,1633.10058
-1299.474597,94,2132.052807,-426.969029,-1299.474597
1647.142089,220,2134.466691,-2069.821173,1647.142089
1659.122006,188,2136.497565,-1908.102432,1659.122006
1335.651276,183,2138.494216,-1884.472948,1335.651276
1635.296984,172,2140.330905,-1811.133767,1635.296984
1668.751967,188,2142.555489,-1889.536158,1668.751967
1630.860818,218,2144.997493,-2053.625283,1630.860818
-1249.191527,106,2146.175783,552.771158,-1249.191527
1749.06558,217,2148.506455,-2044.261726,1749.06558
-1367.871466,95,2150.002733,-397.071056,-1367.871466
1620.507834,204,2152.196191,-1965.346481,1620.507834
1666.840916,169,2153.999544,-1811.59088,1666.840916
1700.46994,207,2156.244932,-2000.986957,1700.46994
-1384.046709,67,2156.980573,775.670504,-1384.046709
1654.970582,193,2159.058615,-1932.223605,1654.970582
-1111.649565,163,2160.992399,216.147969,-1111.649565
1669.991396,187,2163.150703,-1900.631078,1669.991396
1633.948251,199,2165.351633,-1940.694264,1633.948251
1604.956746,194,2167.364436,-1968.293747,1604.956746
1655.773695,182,2169.300337,-1843.617411,1655.773695
1610.464935,200,2171.515643,-1926.462517,1610.464935
1655.409659,197,2174.240525,-1919.241611,1655.409659
1642.610676,199,2176.54334,-1972.454976,1642.610676
1671.555616,173,2178.417849,-1807.593262,1671.555616
1613.478507,207,2180.608994,-1980.713873,1613.478507
-1270.229255,94,2181.599375,606.338329,-1270.229255
1640.674554,221,2183.883705,-2062.756099,1640.674554
-1268.83239,90,2184.893743,629.251701,-1268.83239
1689.437874,215,2187.319524,-2032.380292,1689.437874
1675.15456,209,2189.628251,-2012.384719,1675.15456
1631.28779,177,2191.529613,-1832.939796,1631.28779
1642.290695,200,2193.710372,-1924.331811,1642.290695
1645.576952,216,2196.462119,-2058.138308,1645.576952
-1310.293086,107,2197.621796,501.626949,-1310.293086
1657.91146,181,2199.555188,-1891.13597,1657.91146
-1115.858136,90,2200.488886,631.073955,-1115.858136
1657.550874,184,2202.653479,-1879.162832,1657.550874
1629.67326,189,2204.830122,-1883.730937,1629.67326
1541.398855,176,2206.831578,-1816.414436,1541.398855
1671.423264,192,2208.920216,-1920.02747,1671.423264
1622.3806,176,2210.644823,-1843.170424,1622.3806
-1083.748675,115,2211.730263,477.784024,-1083.748675
1648.641935,193,2213.597085,-1925.569402,1648.641935
1612.583521,200,2215.547053,-1958.418932,1612.583521
-1259.194267,74,2216.270328,722.513378,-1259.194267
1648.955845,186,2218.448613,-1873.635063,1648.955845
-1273.985757,82,2219.228307,696.563408,-1273.985757
-1524.896911,124,2220.521881,441.325542,-1524.896911
1651.394927,235,2222.802722,-2143.587753,1651.394927
1494.852912,172,2224.509544,-1833.96141,1494.852912
1648.90406,216,2226.598249,-2044.436816,1648.90406
1688.29023,220,2228.692657,-2089.83391,1688.29023
1634.867644,210,2230.65833,-2052.363408,1634.867644
-1184.03613,84,2231.591084,702.013643,-1184.03613
-1146.562997,120,2232.8337,-539.500773,-1146.562997
-1322.823899,82,2233.701367,687.824341,-1322.823899
1624.16224,222,2235.98113,-2068.17236,1624.16224
-1157.086215,119,2237.154458,468.440726,-1157.086215
1647.518361,187,2239.443098,-1873.970879,1647.518361
1625.3156,174,2241.1639,-1773.157406,1625.3156
1619.011159,212,2243.298137,-2001.646739,1619.011159
1643.060983,162,2244.864089,-1794.542642,1643.060983
-1457.881965,117,2246.00576,469.1428,-1457.881965
1654.767828,187,2247.846306,-1894.838166,1654.767828
1645.570421,190,2249.644032,-1893.850661,1645.570421
1718.587573,230,2251.865675,-2134.284898,1718.587573
1680.474649,219,2253.9222,-2071.461475,1680.474649
1636.604935,183,2255.647278,-1860.282328,1636.604935
1651.972993,205,2257.681866,-1956.16375,1651.972993
1641.335968,181,2260.04319,-1853.325246,1641.335968
1632.407883,157,2261.648663,-1715.943712,1632.407883
1633.307468,164,2263.455015,-1776.661874,1633.307468
1650.38898,200,2265.651267,-1970.034591,1650.38898
-1282.279111,88,2266.571413,633.081392,-1282.279111
-1286.556331,98,2267.504789,601.181951,-1286.556331
1638.442219,164,2269.154002,-1763.279325,1638.442219
-1120.673117,162,2270.737947,-744.514437,-1120.673117
1608.037181,187,2272.539648,-1902.118106,1608.037181
-1316.751629,124,2273.888483,-579.794771,-1316.751629
1629.980877,169,2275.642292,-1794.898943,1629.980877
1664.672346,205,2277.650919,-1972.730049,1664.672346
-1208.579085,102,2278.620431,598.389428,-1208.579085
-1276.547549,90,2279.903738,625.173913,-1276.547549
1632.776094,193,2281.772865,-1905.16577,1632.776094
1685.150419,237,2284.088253,-2131.933307,1685.150419
1662.719487,168,2285.75811,-1802.494929,1662.719487
1685.46217,211,2288.024466,-2033.861164,1685.46217
1663.051889,187,2289.959732,-1881.294316,1663.051889
1638.307584,236,2292.501536,-2138.928289,1638.307584
1623.491955,172,2294.275687,-1838.183058,1623.491955
1643.889448,194,2296.247484,-1910.986454,1643.889448
1626.595096,165,2297.819261,-1807.300965,1626.595096
1661.169923,188,2299.657998,-1880.939694,1661.169923
1643.475653,158,2301.601908,-1748.177055,1643.475653
1280.745479,201,2303.567703,-1948.952725,1280.745479
1599.723609,210,2305.589414,-2036.527603,1599.723609
1663.811569,211,2307.684462,-2005.471058,1663.811569
1649.41527,175,2309.404424,-1815.89387,1649.41527
1654.590501,182,2311.204012,-1873.850721,1654.590501
1651.781807,192,2313.09343,-1927.783997,1651.781807
1485.438017,199,2315.041368,-1926.256215,1485.438017
1654.251051,192,2316.849043,-1921.68749,1654.251051
1653.463299,189,2318.73757,-1945.337685,1653.463299
1631.047877,182,2320.503176,-1855.836435,1631.047877
-515.502454,165,2322.68857,239.048887,-515.502454
-1132.853998,81,2323.552533,661.150721,-1132.853998
1639.657649,246,2326.136316,-2201.481942,1639.657649
-1181.908213,114,2327.228823,493.659688,-1181.908213
1648.480626,172,2328.901107,-1833.769322,1648.480626
1619.962668,194,2330.84163,-1940.567309,1619.962668
-1296.066904,94,2331.774588,615.649938,-1296.066904
1444.149186,198,2333.697602,-1963.208273,1444.149186
1651.659747,220,2335.910729,-2079.693666,1651.659747
-1194.704498,104,2336.907931,562.177899,-1194.704498
1673.023372,199,2338.86873,-1961.045146,1673.023372
1683.766968,226,2340.992638,-2123.782168,1683.766968
1680.566784,179,2343.149764,-1829.789214,1680.566784
1647.617572,185,2344.921867,-1875.520655,1647.617572
1645.388855,192,2346.847382,-1930.129972,1645.388855
1634.487014,184,2348.698711,-1847.291824,1634.487014
1657.230355,171,2350.356649,-1826.693212,1657.230355
1623.640459,195,2352.39187,-1967.276675,1623.640459
1654.425287,184,2354.34039,-1842.49543,1654.425287
1700.343501,190,2356.310858,-1911.891696,1700.343501
1620.081921,178,2358.068013,-1862.031109,1620.081921
-762.601537,178,2359.917244,146.883266,-762.601537
1491.457401,160,2361.562514,-1732.80205,1491.457401
1663.580741,231,2364.31193,-2113.308833,1663.580741
1648.707494,178,2366.128039,-1847.383288,1648.707494
1657.056628,179,2367.823201,-1829.471697,1657.056628
1632.705776,212,2369.939856,-2027.10747,1632.705776
-1076.389268,162,2371.531232,241.726598,-1076.389268
1594.203056,216,2373.738495,-2042.493449,1594.203056
1632.002943,198,2375.656129,-1953.146703,1632.002943
1625.304989,179,2377.443905,-1823.990307,1625.304989
1066.241373,222,2379.685148,-2056.926881,1066.241373
1618.355149,190,2381.555892,-1931.806998,1618.355149
-1178.854185,106,2382.68385,583.432771,-1178.854185
1681.125346,191,2385.129355,-1926.478345,1681.125346
1588.50031,169,2386.962743,-1789.83255,1588.50031
1676.010859,196,2388.924311,-1923.130276,1676.010859
1670.603667,169,2390.603428,-1762.483259,1670.603667
1632.153252,201,2392.570349,-1968.739301,1632.153252
1667.649691,188,2394.421732,-1889.426167,1667.649691
-1182.557627,89,2395.34916,656.513486,-1182.557627
1639.35426,194,2397.225876,-1939.677622,1639.35426
1694.974109,193,2399.117724,-1923.589602,1694.974109
1647.134616,227,2401.267215,-2109.000886,1647.134616
1649.591262,194,2403.116448,-1917.744591,1649.591262
1639.55169,183,2405.338795,-1871.341977,1639.55169
1666.823672,181,2407.075804,-1884.333428,1666.823672
1644.347648,194,2408.992158,-1905.852564,1644.347648
1631.028434,179,2410.704722,-1839.923894,1631.028434
1641.691058,194,2412.739119,-1944.399464,1641.691058
-1365.518154,85,2413.607607,662.781056,-1365.518154
1603.880801,173,2415.417629,-1795.6489,1603.880801
-1284.581861,113,2416.583542,469.112239,-1284.581861
1653.777924,193,2418.46227,-1908.337067,1653.777924
-1479.661632,123,2419.716823,-548.951275,-1479.661632
1621.145525,173,2421.503814,-1830.97783,1621.145525
1620.645453,196,2423.366501,-1967.097293,1620.645453
1619.629745,196,2425.678751,-1922.741444,1619.629745
1618.010644,183,2427.482755,-1850.719132,1618.010644
1617.242274,206,2429.488958,-1974.823149,1617.242274
-1205.789476,136,2430.815518,368.076109,-1205.789476
1638.830564,179,2432.536707,-1864.02858,1638.830564
1662.84635,163,2434.17368,-1749.061604,1662.84635
1632.641789,174,2435.935421,-1783.693931,1632.641789
-1569.141597,156,2437.502142,297.803237,-1569.141597
1653.079282,181,2439.303499,-1838.721782,1653.079282
-1350.410197,141,2440.631099,-646.498118,-1350.410197
-1160.074121,121,2441.964628,482.200589,-1160.074121
1612.129174,170,2443.817217,-1784.944901,1612.129174
-1174.129767,130,2445.125288,403.769351,-1174.129767
1631.091393,216,2447.62766,-2071.093387,1631.091393
1638.209481,188,2449.412246,-1917.484382,1638.209481
-1228.773776,119,2450.563031,459.735292,-1228.773776
1627.942742,160,2452.011262,-1748.361781,1627.942742
1650.154527,186,2453.861237,-1884.96751,1650.154527
1652.732827,169,2455.481941,-1779.020711,1652.732827
1629.680994,173,2457.210779,-1800.889048,1629.680994
1653.942434,186,2458.974959,-1889.487866,1653.942434
1651.906946,167,2460.551353,-1799.78855,1651.906946
1650.531005,204,2462.5112,-1988.549678,1650.531005
1658.553789,177,2464.242341,-1809.05234,1658.553789
1661.617408,158,2465.811592,-1755.991173,1661.617408
1590.529644,261,2468.773165,-2248.124367,1590.529644
-1153.960494,94,2469.743748,585.692981,-1153.960494
1603.523841,169,2471.441038,-1838.972894,1603.523841
-1186.38393,113,2472.620636,498.426015,-1186.38393
1426.640788,205,2474.734591,-2003.987251,1426.640788
1641.365674,202,2476.854324,-1980.162526,1641.365674
1678.239197,175,2478.580348,-1859.169576,1678.239197
1647.973925,171,2480.25879,-1842.27771,1647.973925
1638.526716,179,2482.03217,-1851.584321,1638.526716
1607.859187,178,2483.707718,-1848.261265,1607.859187
1619.492666,204,2485.658477,-1965.158066,1619.492666
1606.465892,206,2488.066628,-1969.739883,1606.465892
1664.720966,184,2489.787653,-1885.273087,1664.720966
1680.146198,239,2491.995809,-2144.773708,1680.146198
1654.411323,215,2494.149418,-2063.568425,1654.411323
-1455.461413,173,2495.873658,172.22874,-1455.461413
1634.101603,214,2497.98988,-2037.504664,1634.101603
1634.331379,177,2499.74625,-1831.973237,1634.331379
1638.439772,197,2501.6982,-1957.374876,1638.439772
1633.193134,192,2503.693064,-1923.089031,1633.193134
-1249.67526,104,2504.761481,551.160134,-1249.67526
-1180.678497,113,2505.948739,509.096131,-1180.678497
1626.061179,184,2508.148579,-1910.063518,1626.061179
1640.932014,158,2509.774502,-1735.945995,1640.932014
1598.206267,284,2512.626211,-2427.340679,1598.206267
1427.01646,212,2514.706787,-2007.414986,1427.01646
-1729.782312,139,2516.112807,353.264159,-1729.782312
1668.23785,195,2518.087132,-1892.352721,1668.23785
-717.773532,152,2519.632838,-718.923724,-717.773532
1695.649195,189,2521.482587,-1904.68833,1695.649195
1646.07356,167,2523.138888,-1766.23165,1646.07356
-1313.355684,113,2524.285713,514.091056,-1313.355684
1672.495558,190,2526.101937,-1880.909499,1672.495558
1663.802964,211,2528.160595,-2002.506253,1663.802964
1662.057759,169,2530.220179,-1813.790052,1662.057759
1637.227206,192,2532.454159,-1925.015937,1637.227206
-1311.430689,134,2533.987702,364.822242,-1311.430689
1658.614672,204,2536.146381,-1995.90879,1658.614672
1636.966371,191,2538.126373,-1945.019401,1636.966371
1632.977913,175,2539.821923,-1811.755967,1632.977913
1696.892404,200,2541.922792,-1941.926553,1696.892404
1689.470254,197,2543.886562,-1931.336843,1689.470254
1644.714321,162,2545.44148,-1768.472648,1644.714321
1639.038645,182,2547.208805,-1882.477856,1639.038645
1644.427153,181,2549.308823,-1843.02484,1644.427153
1700.870225,210,2552.0333,-2012.243657,1700.870225
1676.413947,177,2553.8645,-1853.881643,1676.413947
1654.265924,169,2555.612844,-1803.781606,1654.265924
1618.242395,186,2557.547487,-1880.047531,1618.242395
-1229.91399,152,2559.108992,294.439346,-1229.91399
1657.702218,192,2561.205683,-1919.769651,1657.702218
1649.48131,201,2563.370716,-1983.537199,1649.48131
1629.404771,199,2565.450333,-1963.602965,1629.404771
1639.838729,225,2567.675113,-2103.746317,1639.838729
1690.58068,198,2569.61623,-1946.817732,1690.58068
1622.109144,211,2571.657342,-2000.683594,1622.109144
1611.728763,179,2573.778754,-1868.820098,1611.728763
1566.931913,190,2575.637749,-1917.601099,1566.931913
-1127.763594,84,2576.448566,649.221394,-1127.763594
-1165.490331,130,2577.816949,380.997765,-1165.490331
1660.361744,205,2579.761635,-1954.221901,1660.361744
-994.081457,185,2581.583255,97.674044,-994.081457
-933.573756,151,2583.103557,323.605165,-933.573756
-1173.497846,148,2584.589538,322.179961,-1173.497846
1639.14141,200,2586.481188,-1986.806877,1639.14141
1658.30423,180,2588.202886,-1844.825742,1658.30423
1651.873206,189,2590.032607,-1915.662112,1651.873206
-1187.010402,98,2591.051508,582.621637,-1187.010402
-1729.628481,185,2593.416328,88.706341,-1729.628481
1635.954513,178,2595.248496,-1839.308971,1635.954513
1645.958647,164,2596.983472,-1759.932074,1645.958647
1643.189581,187,2598.816441,-1874.50043,1643.189581
-1299.080944,87,2599.669371,632.814209,-1299.080944
1639.142895,199,2601.654426,-1930.246145,1639.142895
1451.573783,207,2603.642137,-1990.598653,1451.573783
1656.309998,191,2605.498327,-1914.775696,1656.309998
-1278.807943,87,2606.328871,653.428832,-1278.807943
-1236.059683,115,2607.433348,502.025302,-1236.059683
1689.424102,241,2609.800241,-2211.212994,1689.424102
1629.154273,192,2611.732277,-1911.862562,1629.154273
1671.090558,193,2613.999064,-1913.06058,1671.090558
1623.162555,234,2616.324003,-2157.568774,1623.162555
1628.66851,200,2618.387088,-1951.922401,1628.66851
1625.782439,190,2620.233184,-1876.604985,1625.782439
1605.73972,189,2622.256405,-1881.412956,1605.73972
1645.005204,201,2624.484661,-1942.009677,1645.005204
1634.224594,162,2626.130237,-1740.596607,1634.224594
1653.608009,163,2627.648362,-1760.464737,1653.608009
1678.806127,219,2629.868235,-2078.484573,1678.806127
1607.401226,233,2632.199642,-2122.444084,1607.401226
1609.342629,233,2634.895211,-2109.521429,1609.342629
1677.69635,206,2636.921045,-2016.152194,1677.69635
1625.123095,162,2638.531057,-1749.875732,1625.123095
1666.149532,204,2640.525428,-1964.062652,1666.149532
1637.684077,171,2642.185833,-1817.719706,1637.684077
-1376.324278,116,2643.347516,516.126115,-1376.324278
1658.655816,223,2645.716904,-2074.344114,1658.655816
1668.166744,186,2647.520563,-1863.595956,1668.166744
1647.237844,230,2649.722409,-2152.182741,1647.237844
1678.380964,228,2652.016428,-2108.882512,1678.380964
1622.324879,196,2654.153175,-1914.584372,1622.324879
1612.080247,203,2656.888818,-1947.501581,1612.080247
1659.403112,177,2658.819284,-1820.618558,1659.403112
-1122.066183,105,2659.962101,579.357373,-1122.066183
1637.709628,214,2662.519232,-2049.01412,1637.709628
1666.661716,207,2664.791321,-1993.445323,1666.661716
1645.370097,180,2666.545577,-1863.363854,1645.370097
1606.918522,182,2668.279741,-1887.322733,1606.918522
-1320.464192,96,2669.253409,616.722909,-1320.464192
1646.416773,183,2671.103999,-1882.951884,1646.416773
1650.072177,204,2673.140407,-1960.515906,1650.072177
1575.516094,167,2674.783811,-1791.237372,1575.516094
1161.046551,225,2676.876644,-2081.074137,1161.046551
1633.681957,169,2678.927507,-1785.471157,1633.681957
1649.668349,199,2680.899157,-1978.263344,1649.668349
1603.76664,173,2682.732853,-1836.624733,1603.76664
1621.119433,199,2684.859871,-1916.413502,1621.119433
1630.084773,186,2686.721949,-1870.800774,1630.084773
1634.609315,189,2688.623623,-1932.074574,1634.609315
1716.429578,213,2690.685244,-2038.073977,1716.429578
1622.679414,152,2692.188999,-1717.407519,1622.679414
1636.396125,205,2694.255793,-1969.806331,1636.396125
-1312.674517,78,2695.00419,736.304517,-1312.674517
1633.8461,202,2697.054757,-1974.268026,1633.8461
1670.351407,243,2699.909212,-2209.6355,1670.351407
1656.692597,183,2701.724952,-1845.946252,1656.692597
1629.38757,190,2703.604397,-1907.334068,1629.38757
1620.511154,178,2705.36287,-1861.998778,1620.511154
1656.323069,211,2707.504583,-1987.218158,1656.323069
1438.316177,177,2709.408425,-1820.953548,1438.316177
1647.563786,233,2711.825545,-2151.697875,1647.563786
1636.497687,172,2713.632265,-1840.78525,1636.497687
1650.320308,168,2715.376393,-1761.844575,1650.320308
1651.313307,182,2717.132316,-1850.437078,1651.313307
1692.301549,218,2719.578665,-2034.639879,1692.301549
1488.12687,199,2721.51354,-1945.736396,1488.12687
1674.933592,191,2723.386079,-1893.998626,1674.933592
1634.151956,173,2725.134949,-1800.338207,1634.151956
1709.025992,232,2727.326356,-2144.570045,1709.025992
1635.172237,171,2729.052705,-1808.80444,1635.172237
-1221.328828,142,2730.36349,-679.796705,-1221.328828
-1296.118719,96,2731.285465,635.027722,-1296.118719
1627.065533,185,2733.018895,-1896.290214,1627.065533
1628.537942,191,2734.934582,-1914.236201,1628.537942
1628.596245,210,2736.987163,-1987.518173,1628.596245
1630.066615,181,2738.730526,-1829.064946,1630.066615
1643.843971,193,2741.019248,-1888.226699,1643.843971
1689.790146,196,2743.103729,-1931.220282,1689.790146
1639.824549,199,2745.195777,-1923.341288,1639.824549
1645.632428,180,2747.061889,-1852.83608,1645.632428
-1345.394446,81,2747.915096,663.52495,-1345.394446
1641.576792,162,2749.664099,-1754.24001,1641.576792
1629.043497,179,2751.364293,-1829.796063,1629.043497
-1176.647569,159,2752.909275,269.444056,-1176.647569
1628.254072,186,2754.880985,-1877.065139,1628.254072
1318.521166,181,2756.691933,-1857.292275,1318.521166
1642.713077,200,2758.547059,-1939.591068,1642.713077
1638.820996,195,2760.540452,-1921.641241,1638.820996
1670.626003,178,2762.861188,-1832.509566,1670.626003
1646.154326,180,2764.740188,-1869.097806,1646.154326
1655.146283,166,2766.372132,-1762.913506,1655.146283
1642.731029,193,2768.332728,-1889.409872,1642.731029
1667.034483,191,2770.20998,-1892.811219,1667.034483
1656.496912,214,2772.381168,-2017.960432,1656.496912
1615.730303,202,2774.417296,-1996.75825,1615.730303
1632.702043,186,2776.356248,-1883.719875,1632.702043
1099.48455,238,2778.747585,-2167.226402,1099.48455
-1339.625646,130,2780.06339,419.660407,-1339.625646
1628.471277,169,2781.737183,-1780.394082,1628.471277
1644.440929,169,2783.873461,-1822.069446,1644.440929
-1368.335628,100,2784.836617,-436.234665,-1368.335628
1644.878199,212,2786.990521,-2046.969375,1644.878199
715.246126,152,2788.490313,-1695.190901,715.246126
1664.472092,219,2790.692939,-2046.156944,1664.472092
-1304.116952,111,2791.841687,486.659624,-1304.116952
1650.890792,168,2793.557386,-1776.136159,1650.890792
1647.818411,157,2795.217857,-1706.180677,1647.818411
1569.109128,220,2797.443609,-2043.539192,1569.109128
1654.567605,187,2799.309434,-1866.67039,1654.567605
1634.1996,169,2801.03016,-1796.512457,1634.1996
1641.699898,197,2803.575146,-1938.79082,1641.699898
1325.781139,171,2805.339864,-1796.605679,1325.781139
1642.116684,204,2807.27875,-1986.624989,1642.116684
1413.662116,172,2809.017838,-1833.509894,1413.662116
1644.089179,202,2811.034331,-1975.249061,1644.089179
1641.622978,158,2812.730205,-1703.607666,1641.622978
1646.916715,168,2814.599359,-1810.35086,1646.916715
1658.999361,189,2816.611623,-1910.16339,1658.999361
1606.897185,205,2818.64756,-2002.080916,1606.897185
1616.717468,216,2820.694555,-2046.835995,1616.717468
1666.82168,169,2822.330086,-1773.582443,1666.82168
1627.390823,238,2825.009901,-2150.237107,1627.390823
-1287.526784,106,2826.047742,513.799534,-1287.526784
1678.828653,222,2828.249434,-2100.897181,1678.828653
-806.459485,172,2829.925916,163.962937,-806.459485
1649.272754,189,2831.769722,-1882.890023,1649.272754
1664.039396,193,2833.754042,-1930.010384,1664.039396
-1189.880161,122,2835.031662,-557.408135,-1189.880161
-1258.64847,103,2836.117355,546.442372,-1258.64847
-1262.614827,85,2837.013271,641.741848,-1262.614827
1645.540268,172,2838.808966,-1802.0519,1645.540268
1637.933126,185,2840.567861,-1854.245707,1637.933126
1634.218276,226,2842.921727,-2100.4606,1634.218276
1354.755185,282,2846.216752,-2430.488215,1354.755185
1592.305112,242,2848.720319,-2173.841136,1592.305112
1331.988725,199,2850.682162,-1975.68751,1331.988725
1640.627705,199,2852.613955,-1946.28587,1640.627705
-1104.735645,158,2854.204949,-733.21759,-1104.735645
1672.558521,182,2856.155537,-1882.70517,1672.558521
1594.269239,186,2858.01183,-1864.202182,1594.269239
1643.954089,185,2859.843474,-1904.153013,1643.954089
1614.684378,206,2861.991698,-2015.149515,1614.684378
1646.462836,246,2864.330903,-2183.666935,1646.462836
1637.339891,200,2866.593494,-1974.270607,1637.339891
1615.585444,190,2868.370202,-1917.92047,1615.585444
1653.816713,186,2870.190372,-1905.594737,1653.816713
1665.866157,180,2872.122886,-1885.57234,1665.866157
1632.710069,169,2873.867764,-1786.468747,1632.710069
1612.562409,180,2875.71369,-1826.576776,1612.562409
1487.99435,193,2877.608134,-1930.820831,1487.99435
1610.115056,191,2879.459953,-1941.449396,1610.115056
-1162.206687,89,2880.294862,-349.569318,-1162.206687
1660.386721,173,2881.976576,-1850.810382,1660.386721
1657.155444,168,2883.645821,-1753.417854,1657.155444
-583.240484,185,2885.434464,-867.809453,-583.240484
1637.803748,188,2887.615599,-1896.553134,1637.803748
-818.519287,181,2889.417313,130.095754,-818.519287
1611.414869,191,2891.359372,-1893.243572,1611.414869
1657.62651,178,2893.213211,-1837.667733,1657.62651
1256.386217,211,2895.30635,-2042.227975,1256.386217
1658.163607,198,2897.412649,-1958.857758,1658.163607
1378.950437,208,2899.508049,-2021.754465,1378.950437
-1184.874587,109,2900.601566,510.701086,-1184.874587
1583.077707,252,2903.059755,-2266.374099,1583.077707
-451.722235,225,2905.40094,-1114.65443,-451.722235
1676.774256,201,2907.48125,-1949.005246,1676.774256
1653.191307,210,2910.038153,-2014.571255,1653.191307
1662.853246,196,2912.002241,-1924.99944,1662.853246
1652.843739,175,2913.820542,-1841.279947,1652.843739
1636.677205,217,2916.010388,-2037.706071,1636.677205
1543.138324,180,2917.741353,-1840.340512,1543.138324
1382.35352,202,2919.673932,-1951.606113,1382.35352
1608.167133,174,2921.443953,-1796.290135,1608.167133
1614.500361,217,2923.721156,-2082.899495,1614.500361
1637.149524,150,2925.267473,-1666.838147,1637.149524
-1341.609694,63,2925.898171,790.464511,-1341.609694
1656.367082,194,2927.813247,-1897.803444,1656.367082
1642.469059,188,2930.192114,-1918.476345,1642.469059
1632.989502,249,2932.750251,-2229.219329,1632.989502
1710.25659,232,2935.145774,-2106.087183,1710.25659
1604.140116,208,2937.405571,-2034.295855,1604.140116
1644.541432,199,2939.544948,-1973.890923,1644.541432
1625.097882,200,2941.518207,-1978.382263,1625.097882
1651.805357,182,2943.278623,-1893.989592,1651.805357
-1475.135005,173,2944.901695,187.771354,-1475.135005
-1133.031823,131,2946.139991,395.651506,-1133.031823
1631.789196,160,2947.72325,-1746.189843,1631.789196
-614.087739,217,2949.746869,-1041.765999,-614.087739
1630.86178,205,2952.120878,-1988.384592,1630.86178
1656.728136,167,2953.722075,-1800.126283,1656.728136
1687.097445,210,2955.851552,-1988.954734,1687.097445
-993.232114,166,2957.545948,244.182914,-993.232114
1634.553245,183,2959.378371,-1835.410689,1634.553245
-1389.272054,135,2960.71876,383.444269,-1389.272054
1683.598794,216,2962.984604,-2035.27494,1683.598794
-841.085477,153,2964.459094,-712.520802,-841.085477
1646.247868,188,2966.398425,-1863.911484,1646.247868
-1196.198258,75,2967.161833,707.163185,-1196.198258
1644.596567,176,2968.915456,-1838.215191,1644.596567
1712.792217,212,2971.630804,-2020.662834,1712.792217
1639.802935,184,2973.582567,-1854.032234,1639.802935
1713.709103,199,2975.752051,-1965.706066,1713.709103
1631.070893,180,2977.571735,-1818.358514,1631.070893
1662.319062,167,2979.31278,-1768.267489,1662.319062
-1188.817967,83,2980.146584,668.600512,-1188.817967
1225.395786,165,2982.07844,-1759.420278,1225.395786
-630.801777,230,2984.559426,-1103.287453,-630.801777
1641.803107,177,2986.480158,-1823.764014,1641.803107
-1314.264514,192,2988.372242,83.982748,-1314.264514
1672.813187,206,2990.410283,-1997.641994,1672.813187
1561.463072,216,2992.42689,-2086.151811,1561.463072
1608.587508,166,2994.566949,-1795.817767,1608.587508
1679.561803,195,2996.644609,-1952.188279,1679.561803
1661.770379,231,2999.177971,-2111.154324,1661.770379
1657.372208,186,3000.950786,-1890.915113,1657.372208
-1240.706709,139,3002.311973,366.595837,-1240.706709
-1270.913318,183,3004.24759,128.873802,-1270.913318
1665.065036,179,3006.115233,-1856.985276,1665.065036
1625.424285,212,3008.275527,-2008.00512,1625.424285
1651.566616,171,3009.997642,-1830.355348,1651.566616
1635.742193,176,3011.842582,-1846.43731,1635.742193
1620.313214,164,3013.606602,-1814.365369,1620.313214
-1286.08906,164,3015.738048,237.909662,-1286.08906
1660.020036,199,3017.709462,-1943.511831,1660.020036
1635.394728,194,3019.682491,-1941.370238,1635.394728
1670.858569,209,3021.840817,-1975.143278,1670.858569
-1355.202537,110,3022.928512,520.304522,-1355.202537
1676.109212,202,3024.948431,-1952.08207,1676.109212
-1068.772929,157,3026.720768,271.294567,-1068.772929
1647.069162,206,3028.778355,-2007.491595,1647.069162
1652.602464,193,3030.64948,-1949.715444,1652.602464
1680.715348,177,3032.393592,-1816.046783,1680.715348
1403.455582,163,3034.02096,-1767.798783,1403.455582
1678.005208,213,3036.525581,-2008.889745,1678.005208
-1129.327421,87,3037.385017,645.590145,-1129.327421
-1278.050306,156,3038.969244,-731.852293,-1278.050306
1655.137225,164,3040.67416,-1782.086597,1655.137225
1655.376427,185,3042.599694,-1885.129091,1655.376427
-1246.85453,100,3043.68026,599.469273,-1246.85453
1620.775693,166,3045.342642,-1798.501064,1620.775693
1388.499097,158,3046.953573,-1726.974675,1388.499097
1615.216634,220,3049.054639,-2052.321848,1615.216634
1724.640712,202,3051.093044,-1966.245292,1724.640712
-1139.992092,128,3052.310642,-552.394547,-1139.992092
1709.656889,204,3054.278742,-1957.555478,1709.656889
1629.023864,174,3055.961974,-1811.139919,1629.023864
-1242.996915,109,3057.444134,510.592787,-1242.996915
1639.568722,194,3059.389451,-1914.297181,1639.568722
-1559.243923,139,3060.747034,370.877025,-1559.243923
1665.670396,211,3062.763101,-2006.026419,1665.670396
1665.093023,178,3064.522624,-1859.195878,1665.093023
-1237.402487,133,3065.818715,374.431279,-1237.402487
-1387.780356,150,3067.262459,315.323377,-1387.780356
-1359.440982,125,3068.463008,438.379718,-1359.440982
1633.635825,190,3070.412793,-1892.883503,1633.635825
-1407.765402,110,3071.537222,538.97628,-1407.765402
1660.288281,172,3073.263937,-1800.396298,1660.288281
1646.739115,196,3075.316696,-1913.224715,1646.739115
1658.445412,198,3077.655799,-1956.921063,1658.445412
1635.723903,203,3079.618024,-1950.017276,1635.723903
1639.49079,197,3081.575449,-1942.514104,1639.49079
1640.852391,149,3082.982388,-1725.019105,1640.852391
1641.201888,215,3085.109606,-2008.872663,1641.201888
1656.559742,229,3087.421093,-2124.206278,1656.559742
1631.724992,211,3089.505185,-2028.500349,1631.724992
1627.034134,227,3091.798965,-2103.896103,1627.034134
1654.588692,197,3093.686155,-1985.260621,1654.588692
1374.150871,191,3095.497665,-1924.968142,1374.150871
1650.553674,198,3097.41351,-1936.280391,1650.553674
1642.934891,149,3099.267306,-1701.870958,1642.934891
-1352.543111,85,3100.121228,655.122365,-1352.543111
1648.878224,182,3102.009861,-1861.730588,1648.878224
1611.84059,179,3103.861712,-1832.356609,1611.84059
1606.423062,213,3106.100478,-2023.075875,1606.423062
-1408.431381,101,3107.093332,-435.591944,-1408.431381
1630.223195,232,3109.409503,-2112.928694,1630.223195
1664.413709,195,3111.311156,-1961.298253,1664.413709
1662.444371,194,3113.215919,-1950.017947,1662.444371
1629.889901,187,3115.00107,-1897.495001,1629.889901
1678.049024,218,3117.184328,-2062.670794,1678.049024
1616.823948,185,3119.417869,-1894.489857,1616.823948
1657.563444,153,3120.898572,-1717.010225,1657.563444
1643.603397,171,3122.526562,-1789.028996,1643.603397
1655.46106,202,3124.471792,-1959.8364,1655.46106
1675.852471,228,3126.696408,-2075.126313,1675.852471
1646.075276,197,3128.635504,-1970.442146,1646.075276
1622.511387,170,3130.365957,-1772.051834,1622.511387
-1215.13838,178,3132.127151,134.674706,-1215.13838
1649.529369,159,3133.854339,-1760.306344,1649.529369
1636.221557,189,3136.042545,-1880.584958,1636.221557
-1312.418959,95,3137.030432,585.616489,-1312.418959
1573.431604,197,3139.112324,-1955.930756,1573.431604
1628.412355,192,3141.624992,-1918.46769,1628.412355
1661.212826,193,3143.485825,-1932.744863,1661.212826
1489.258405,236,3145.751827,-2131.541441,1489.258405
1620.051941,220,3147.932594,-2048.41639,1620.051941
1649.876949,169,3149.538377,-1807.840547,1649.876949
1615.976195,160,3151.106727,-1750.627337,1615.976195
1643.998515,190,3152.89884,-1889.194553,1643.998515
1479.358293,210,3154.937468,-2009.919932,1479.358293
1636.826243,171,3156.631838,-1824.560611,1636.826243
1603.815016,227,3158.789819,-2106.155032,1603.815016
1468.262212,196,3161.217348,-1922.763998,1468.262212
1596.381622,242,3163.713454,-2192.999461,1596.381622
1439.596382,208,3165.885102,-1973.126446,1439.596382
1623.006787,233,3168.105133,-2097.37874,1623.006787
1675.896635,202,3170.132652,-1979.691928,1675.896635
1650.809885,227,3172.33367,-2114.237509,1650.809885
1332.173285,164,3173.980708,-1737.224489,1332.173285
1629.639604,206,3176.004143,-1984.629685,1629.639604
1645.140208,195,3177.950789,-1941.548824,1645.140208
1683.210228,192,3179.821243,-1921.655674,1683.210228
1624.421864,225,3182.444336,-2097.259024,1624.421864
1701.965977,225,3184.644055,-2104.463014,1701.965977
1619.502577,200,3186.668719,-1947.170933,1619.502577
-787.051404,150,3188.165901,298.651829,-787.051404
1674.880062,193,3190.062176,-1942.106795,1674.880062
1622.76062,175,3191.906153,-1857.99023,1622.76062
1624.554205,184,3193.842215,-1890.491226,1624.554205
1673.236139,222,3196.070583,-2097.273195,1673.236139
1536.520971,201,3198.071266,-1967.60695,1536.520971
1636.618527,186,3199.913974,-1908.190053,1636.618527
-856.18308,154,3201.439661,267.5133,-856.18308
1610.672177,179,3203.57651,-1888.590326,1610.672177
1654.163545,214,3205.709412,-2018.433357,1654.163545
1650.19576,175,3207.437434,-1804.791481,1650.19576
1674.79547,175,3209.11067,-1836.873987,1674.79547
1618.885166,179,3210.870863,-1832.73155,1618.885166
1643.173561,189,3212.711148,-1894.615954,1643.173561
1622.566285,191,3214.572868,-1891.603745,1622.566285
1644.30943,166,3216.208148,-1792.02807,1644.30943
1633.874649,200,3218.353775,-1945.108026,1633.874649
1639.127356,188,3220.256881,-1887.102239,1639.127356
1648.629516,205,3222.394421,-2012.791731,1648.629516
1516.378263,155,3224.55297,-1737.130264,1516.378263
1630.361749,190,3226.566552,-1909.444056,1630.361749
1635.96489,167,3228.295297,-1788.272983,1635.96489
1664.894334,243,3230.78538,-2173.118523,1664.894334
-1223.01715,72,3231.502801,718.122967,-1223.01715
1669.905035,187,3233.388539,-1867.007508,1669.905035
1556.547099,292,3236.372243,-2475.730498,1556.547099
1645.492363,189,3238.49279,-1875.612562,1645.492363
-1305.721426,83,3239.350646,677.426478,-1305.721426
-1284.116713,97,3240.381597,593.082701,-1284.116713
-1152.291766,150,3242.179832,-729.591938,-1152.291766
1646.999925,187,3244.315457,-1891.070118,1646.999925
1586.380985,266,3247.598911,-2364.53627,1586.380985
1626.141069,192,3249.66509,-1877.089299,1626.141069
1641.250402,191,3251.801772,-1883.489779,1641.250402
1633.189473,221,3254.103569,-2068.429725,1633.189473
1695.189122,209,3256.374857,-2033.979836,1695.189122
1639.843799,168,3258.276541,-1793.444009,1639.843799
-1193.97158,99,3259.412484,591.504472,-1193.97158
-1197.658262,162,3261.199869,218.125425,-1197.658262
1649.18303,203,3265.498074,-1982.498018,1649.18303
1610.743543,142,3268.658857,-1612.047797,1610.743543
1648.668677,188,3271.224393,-1864.992769,1648.668677
1692.021158,182,3273.914953,-1859.980346,1692.021158
1666.696884,207,3276.538586,-1989.62867,1666.696884
1477.937766,160,3278.600138,-1767.117337,1477.937766
-1230.314144,75,3279.573406,724.379581,-1230.314144
1617.597015,189,3282.091256,-1939.734341,1617.597015
1614.936169,172,3284.429653,-1837.926573,1614.936169
1635.77811,196,3287.073684,-1956.99455,1635.77811
1635.904629,200,3289.773601,-1926.951215,1635.904629
1654.393937,195,3292.219811,-1955.607302,1654.393937
1546.804348,207,3294.900452,-1986.213106,1546.804348
1680.270704,192,3297.365409,-1896.411771,1680.270704
1535.66966,205,3299.988729,-1978.163554,1535.66966
1637.489442,198,3302.213156,-1952.778704,1637.489442
-1122.181292,163,3303.935639,-811.280588,-1122.181292
-1448.340576,171,3305.770402,218.462034,-1448.340576
1500.209565,223,3308.052598,-2064.972342,1500.209565
1652.19926,181,3309.817008,-1863.967302,1652.19926
1645.689081,245,3312.267271,-2229.862312,1645.689081
1674.809872,183,3314.083823,-1842.394146,1674.809872
-1309.378987,115,3315.207055,475.391045,-1309.378987
1748.655432,240,3317.507817,-2168.222814,1748.655432
1616.229108,187,3319.281012,-1923.406062,1616.229108
-1190.37153,109,3320.767016,-505.530715,-1190.37153
1675.903871,187,3322.656463,-1868.43221,1675.903871
1649.882134,159,3324.194995,-1762.632312,1649.882134
1642.894766,215,3326.393193,-2031.359657,1642.894766
-1418.822968,84,3327.262012,675.26224,-1418.822968
1655.789506,200,3329.223306,-1940.090133,1655.789506
1418.293966,209,3331.366436,-2003.512428,1418.293966
1575.213244,249,3333.787637,-2206.880504,1575.213244
1616.678555,182,3335.601785,-1845.145691,1616.678555
1642.821847,192,3337.578217,-1912.644885,1642.821847
1648.984744,175,3339.292585,-1823.544114,1648.984744
-1160.862779,117,3340.478081,500.961553,-1160.862779
1618.764576,185,3342.891689,-1878.126301,1618.764576
1711.976028,209,3345.134906,-1975.989746,1711.976028
1529.290338,173,3346.851242,-1808.606147,1529.290338
1622.300634,167,3348.520184,-1805.97885,1622.300634
1662.658775,198,3350.445032,-1947.121296,1662.658775
1648.665391,209,3352.456896,-1993.971652,1648.665391
1665.325024,190,3354.310019,-1904.093965,1665.325024
1624.531677,161,3355.88264,-1753.053738,1624.531677
1600.917548,205,3357.849459,-1976.742734,1600.917548
-1249.656523,67,3358.513988,-232.452135,-1249.656523
1634.884217,189,3360.350114,-1914.446375,1634.884217
1649.704914,213,3362.85987,-2043.46845,1649.704914
1609.227557,164,3364.429639,-1759.512594,1609.227557
-733.497861,251,3366.809044,-247.844848,-733.497861
-1264.560602,101,3367.766207,601.700037,-1264.560602
1641.731211,195,3369.603024,-1923.377608,1641.731211
-1436.759857,111,3370.658361,506.966473,-1436.759857
1694.041076,180,3372.47844,-1835.739511,1694.041076
1488.178668,181,3374.411696,-1869.641847,1488.178668
1644.859259,229,3376.766303,-2108.645919,1644.859259
-1112.17204,129,3378.029697,392.754728,-1112.17204
1628.153323,203,3379.981137,-1955.728215,1628.153323
1628.62058,181,3381.806877,-1882.033961,1628.62058
-1242.989542,85,3383.068199,-356.668841,-1242.989542
1650.614698,199,3385.052574,-1982.583473,1650.614698
1660.629137,178,3386.786693,-1829.700178,1660.629137
1635.723269,174,3388.486362,-1830.727447,1635.723269
1623.259075,179,3390.267789,-1839.831016,1623.259075
1626.691193,169,3391.922945,-1797.670947,1626.691193
-1423.414878,118,3393.131303,484.378212,-1423.414878
1634.805129,216,3395.412049,-2033.17713,1634.805129
1638.383415,188,3397.339616,-1891.729198,1638.383415
-1275.381193,141,3398.790409,335.759691,-1275.381193
1683.396255,188,3400.78434,-1893.604668,1683.396255
